0	30.2361078917,-97.795914675
1	30.26916780535,-97.74912983179999
2	30.2632640452,-97.75762781595
3	30.24561345,-97.7793985605
4	30.245152525,-97.75751799324999
5	30.26459914165,-97.7411470687
6	30.2316471667,-97.79731352499999
7	30.25068688995,-97.765772787
8	30.26542765,-97.74754572145
9	30.26502060835,-97.74389802275
10	30.251053796999997,-97.7486312385
11	30.26410837245,-97.7700363047
12	30.270647571799998,-97.7537789193
13	30.2446743,-97.7519526083
14	30.264461177999998,-97.7332510632
15	30.25143765835,-97.75443977500001
16	30.3311506657,-97.73148474999999
17	30.2624290426,-97.7619128
18	30.279717525000002,-97.72058689045
19	30.2908643938,-97.7414069692
20	30.28856224895,-97.72880941630001
21	30.31297414425,-97.73840099045
22	30.28380574125,-97.7204993191
23	30.3077844977,-97.75071436670001
24	30.29560192145,-97.7421264539
25	30.233019025300003,-97.8290727291
26	30.30454130635,-97.7262148058
27	30.30117349165,-97.7397656939
28	30.272470933999998,-97.75637234685
29	30.2622500265,-97.75446518334999
30	30.29506051685,-97.7845483415
31	30.273657579450003,-97.74075798135
32	30.2649145027,-97.73058993335
33	30.28777356365,-97.74755981954999
34	30.26418537045,-97.72888894715
35	30.2669300144,-97.74523944905
36	30.269012699999998,-97.72826345850001
37	30.26310045,-97.72409085305
38	30.30741604,-97.7404273766
39	30.268464815149997,-97.73616240165
40	30.2690458204,-97.74309500300001
41	30.25518290835,-97.762730323
42	30.26272250365,-97.731718721
43	30.27758321665,-97.7510778417
44	30.297542914650002,-97.7058114882
45	30.39524734085,-97.74881538615
46	30.3409125167,-97.738946775
47	30.3321478,-97.7399972167
48	30.3173771747,-97.74041693295001
49	30.318484791499998,-97.72461280815
50	30.336602630100003,-97.75701714984999
51	30.2861650679,-97.7393449408
52	30.396809436650003,-97.74496395
53	30.334687799999998,-97.7397480586
54	30.3284596808,-97.73990320835
55	30.3145713467,-97.7335680468
56	30.24870436665,-97.75016295
57	30.265416081799998,-97.738781251
58	30.2699484852,-97.73397195195
59	30.26215704245,-97.72969729665
60	30.273536704199998,-97.73301243785
61	30.2662252,-97.73659738335
62	30.26232254835,-97.7422222344
63	30.26303445155,-97.74447806965
64	30.267183963249998,-97.74051934785001
65	30.2613628667,-97.7426400917
66	30.26284114,-97.75071565
67	30.25845672925,-97.74662999255
68	30.2584744833,-97.7594523917
69	30.277143455,-97.74253298664999
70	30.27149685665,-97.73549364510001
71	30.280762242050002,-97.7451268175
72	30.280108525000003,-97.73856975675
73	30.2645652788,-97.727324048
74	30.3139651835,-97.71996949165
75	30.271786228350003,-97.73765311665
76	30.2780489513,-97.74429380424999
77	30.297844050000002,-97.74149097775
78	30.256860536250002,-97.7469395222
79	30.2816991265,-97.741023156
80	30.258047813650002,-97.80761003494999
81	30.20152780665,-97.87799359659999
82	30.2585133,-97.80331158335
83	30.230490175150003,-97.79912095
84	30.3055815623,-97.7078849481
85	30.26028932485,-97.739481875
86	30.2591987065,-97.748692625
87	30.26712134725,-97.762818855
88	30.4032728959,-97.7250945568
89	30.39702415,-97.74966358335
90	30.2869734044,-97.74444937704999
91	30.2614469429,-97.7389722154
92	30.2688014498,-97.74577756664999
93	30.234481743499998,-97.87459928
94	30.28762365,-97.7424001694
95	30.4014788629,-97.72604258995
96	30.30624062595,-97.74491597545
97	30.2141469115,-97.82965910045
98	30.33705164165,-97.80390532499999
99	30.37121875835,-97.7269952779
100	30.24842129775,-97.76914449489999
101	30.233280234,-97.8653589325
102	30.279535322450002,-97.74147212505
103	30.4003024921,-97.72641420365
104	30.275284825,-97.76500469585
105	30.3100520667,-97.74000404115
106	30.282341825,-97.77560443335
107	30.26084448495,-97.75826274585
108	30.39946293665,-97.72470831870001
109	30.2440731228,-97.78187340555
110	30.26300097825,-97.7473460327
111	30.275115658799997,-97.77100014685
112	30.2609413831,-97.74721803854999
113	30.26207821705,-97.72248208335
114	30.305567616650002,-97.74306931015
115	30.281963300450002,-97.7433232583
116	30.3058695567,-97.71016952385
117	30.26786987205,-97.7685811195
118	30.26631788505,-97.7669029795
119	30.26895006165,-97.767928047
120	30.2678262602,-97.77042552665
121	30.264966291649998,-97.7693312435
122	30.27996860835,-97.75903520835
123	30.27619947395,-97.7476296735
124	30.2556296707,-97.74537371695
125	30.25278042915,-97.7476367583
126	30.23104325835,-97.80060293335
127	30.298549391050003,-97.74721166500001
128	30.16302248815,-97.79321730135
129	30.24690044595,-97.75078828775
130	30.3480324179,-97.71392154255
131	30.3617956167,-97.71581254665
132	30.2340839333,-97.79296516625001
133	30.32404904165,-97.72726436715
134	30.2589293987,-97.75239676235
135	30.20039172425,-97.8644987169
136	30.26432374545,-97.7369409356
137	30.28831204305,-97.7457821165
138	30.35986737385,-97.73791629440001
139	30.3890528667,-97.741157375
140	30.39113950035,-97.7388052805
141	30.25797094165,-97.73981125
142	30.418622164600002,-97.74732648164999
143	30.28497457375,-97.7335814836
144	30.317887944,-97.72180272125
145	30.3590868974,-97.73500648505001
146	30.270359523499998,-97.74865359169999
147	30.270465064150002,-97.75582001185
148	30.273855625350002,-97.76332617825
149	30.2380393665,-97.7866252165
150	30.296120066649998,-97.8325907417
151	30.324887593649997,-97.7433649907
152	30.4643871325,-97.81910124165
153	30.389877599000002,-97.74359784665
154	30.2472928583,-97.77488666664999
155	30.25647016525,-97.739606474
156	30.248370475,-97.7619117396
157	30.3380544659,-97.71903294009999
158	30.284117464749997,-97.7382695675
159	30.26978225,-97.7517939086
160	30.26740009935,-97.7497762442
161	30.267701175150002,-97.74737923025
162	30.32514551665,-97.72731089165
163	30.26677248495,-97.74281930660001
164	30.3153553996,-97.73529802499999
165	30.285766566699998,-97.74185874615
166	30.1542744235,-97.7939468622
167	30.2711414801,-97.74133904165001
168	30.33852814705,-97.70193099975
169	30.263960105949998,-97.7391993452
170	30.318892924849997,-97.73931025639999
171	30.28406972255,-97.7396965027
172	30.28293170315,-97.7383044362
173	30.31702548,-97.74959671
174	30.27243770725,-97.7537742083
175	30.27774449165,-97.77187794164999
176	30.24086782765,-97.75281002335001
177	30.354468042199997,-97.7333191141
178	30.3899009365,-97.7331771894
179	30.27445038335,-97.7520993025
180	30.39561069615,-97.7201952415
181	30.260225583150003,-97.7513480186
182	30.24198081385,-97.78385337060001
183	30.24818475,-97.77144044635
184	30.22626555835,-97.7621799456
185	30.2601386233,-97.755312675
186	30.24697045,-97.7560927487
187	30.2494687083,-97.75494243329999
188	30.2991959489,-97.74065933335001
189	30.2544330167,-97.7478102
190	30.390960077800003,-97.74804672585
191	30.2085832974,-97.78147060129999
192	30.26033919235,-97.73365642190001
193	30.3256368182,-97.7138798066
194	30.2692889,-97.74043193520001
195	30.39262190185,-97.74935595485
196	30.458790562449998,-97.79148077375001
197	30.37173472835,-97.72637027165
198	30.2708043518,-97.7398410291
199	30.29348126485,-97.7417672825
200	30.32191896165,-97.71341535229999
201	30.31559743335,-97.733917925
202	30.40759906665,-97.7133057417
203	30.34232558025,-97.73831239355
204	30.246772342,-97.7771500305
205	30.291633616699997,-97.73458925
206	30.2078914374,-97.8154933835
207	30.2652184417,-97.745683247
208	30.2768131627,-97.77180504115
209	30.235697311000003,-97.79161881865
210	30.183918741699998,-97.84755720835
211	30.264046980750003,-97.7728150785
212	30.2335138589,-97.82434851274999
213	30.174905335200002,-97.8231049702
214	30.21597039935,-97.79690265655
215	30.21787082915,-97.79612339184999
216	30.258111895200003,-97.75064873095
217	30.185699533349997,-97.84744673335
218	30.2216118831,-97.83999429285001
219	30.3035167539,-97.74392351665
220	30.26903073215,-97.7547357658
221	30.166513416649998,-97.79146538055
222	30.321972875,-97.74000184165
223	30.22945931085,-97.79002027850001
224	30.2274044716,-97.76031300330001
225	30.17340666665,-97.82264790835
226	30.21323179015,-97.82961501665
227	30.26385355835,-97.74591028255
228	30.331335781699998,-97.71557409175
229	30.1622971651,-97.7907249054
230	30.236319503849998,-97.82136207735
231	30.225880492199998,-97.770434618
232	30.22401254955,-97.76287347075001
233	30.231538994250002,-97.7592962516
234	30.161046646750002,-97.79196421185
235	30.249418875000003,-97.7668894275
236	30.418946990549998,-97.70311762835
237	30.354383179099997,-97.72701667135
238	30.234348011450003,-97.7576243846
239	30.4032497627,-97.704629302
240	30.42043820835,-97.70199134945
241	30.35247259555,-97.75368179735
242	30.38801157895,-97.73325206505
243	30.2428668417,-97.78252294075
244	30.2595175638,-97.77400153720001
245	30.237598300000002,-97.7546264648
246	30.2371161833,-97.7926342981
247	30.2392125047,-97.75329285539999
248	30.24966098335,-97.73647762499999
249	30.33788476665,-97.73923114165001
250	30.25277927585,-97.7635578435
251	30.4142852214,-97.74679626720001
252	30.3945704601,-97.74444475645001
253	30.400144278349998,-97.74585562835
254	30.30715275835,-97.74176084999999
255	30.40141853435,-97.74699974059999
256	30.446990282199998,-97.79145041675
257	30.415128679749998,-97.7442741674
258	30.39958181465,-97.7484204431
259	30.4300329859,-97.76250520745
260	30.36459175675,-97.74009666295001
261	30.3918872,-97.7312790167
262	30.24143879375,-97.759047575
263	30.28419371415,-97.71904885605
264	30.2742807664,-97.80071409165001
265	30.215392890049998,-97.83331436455
266	30.28536695835,-97.729112725
267	30.287010464799998,-97.72353082895
268	30.1989039602,-97.76495551785
269	30.19029827275,-97.77018038945
270	30.357374575,-97.73110273665
271	30.368085575000002,-97.728062975
272	30.4459823309,-97.79016465615001
273	30.20233350625,-97.8064558186
274	30.2612587917,-97.72831103665
275	30.41158889165,-97.67499904165001
276	30.362428093600002,-97.69723504165
277	30.26742824105,-97.73838950000001
278	30.271237906099998,-97.75028733335
279	30.3066093421,-97.7356045083
280	30.3066321585,-97.73004349165001
281	30.300232268800002,-97.7195960283
282	30.30407796985,-97.74058808155
283	30.403845825,-97.85411122695
284	30.2836693173,-97.74165314300001
285	30.395696245449997,-97.74745059445
286	30.2365615263,-97.793609525
287	30.2595041748,-97.7390538015
288	30.37113671665,-97.757691335
289	30.354326940500002,-97.7555135465
290	30.382687105949998,-97.72346195205
291	30.31063809165,-97.74278095165
292	30.339281425,-97.75566998335
293	30.361725559699998,-97.74025461229999
294	30.3926360003,-97.7452853737
295	30.3931021784,-97.84502904940001
296	30.371495174750002,-97.75661835075
297	30.363384060450002,-97.72920811175
298	30.39514339725,-97.7514311671
299	30.3623024533,-97.74196262915001
300	30.366029675,-97.73833878335
301	30.27288327925,-97.8001921407
302	30.29730011555,-97.7074141541
303	30.2718944,-97.774635625
304	30.261580643149998,-97.93789028385
305	30.291186717949998,-97.70479334295
306	30.2682492885,-97.75119258925
307	30.44480084755,-97.7433264739
308	30.353707925000002,-97.75443979485
309	30.2831819441,-97.74522314095
310	30.2312273,-97.7347295417
311	30.329619566349997,-97.70726395095
312	30.43261173335,-97.77102634165
313	30.400519995,-97.7036154355
314	30.372879815250002,-97.7276748419
315	30.403161416449997,-97.74502511095
316	30.39707119165,-97.73389631354999
317	30.3250451938,-97.7089032483
318	30.33629440835,-97.7201383541
319	30.44557747425,-97.7861899121
320	30.42548376335,-97.75397423335
321	30.46923543335,-97.7909464583
322	30.37813417705,-97.68667110025001
323	30.302864665450002,-97.73816182645
324	30.417610241650003,-97.70401734165
325	30.418088016650003,-97.67033805829999
326	30.46204241035,-97.81502366065
327	30.30688906265,-97.7492464988
328	30.2856265767,-97.735029459
329	30.47780350835,-97.76610309165
330	30.254477326,-97.7375423355
331	30.219753506700002,-97.8355693788
332	30.287353248499997,-97.73234331424999
333	30.299488258350003,-97.720978275
334	30.30855305165,-97.74099026335
335	30.34967776755,-97.7349225426
336	30.26018699055,-97.7122613452
337	30.275663996600002,-97.74254022445001
338	30.344298074999998,-97.73749864165
339	30.3080794373,-97.7155101717
340	30.32243079505,-97.7153559244
341	30.305491312850002,-97.7393142879
342	30.33365935745,-97.7215007195
343	30.41833314165,-97.74585866665001
344	30.3068946335,-97.72469584999999
345	30.22142966,-97.838234977
346	30.2761830417,-97.752296575
347	30.2136351773,-97.8309152776
348	30.244256371600002,-97.73034995815
349	30.2631026085,-97.72658246665
350	30.197558104850003,-97.84143299889999
351	30.44854187635,-97.79210686684999
352	30.28546560345,-97.73160835990001
353	30.365812947400002,-97.72861929815
354	30.36070098295,-97.74088508975001
355	30.2962608,-97.74382503000001
356	30.29103664,-97.786755105
357	30.271811133299998,-97.72171765835
358	30.3352461334,-97.75814214535
359	30.304289816649998,-97.7646148833
360	30.257181330549997,-97.8060489893
361	30.43228792195,-97.73583948609999
362	30.395319223999998,-97.72727921605
363	30.320810393549998,-97.72963251445
364	30.27329253835,-97.7577138583
365	30.26119453335,-97.7168377083
366	30.44659491,-97.8062865262
367	30.27146505,-97.75796603725
368	30.26167005665,-97.76042948065
369	30.2205358417,-97.75708424965
370	30.26942977855,-97.72427895835
371	30.2896716414,-97.74060845375001
372	30.3090016838,-97.7340166758
373	30.27402182605,-97.72034668565
374	30.382274924999997,-97.68685318335
375	30.3786479461,-97.68825543315
376	30.40417556875,-97.67437082034999
377	30.4128074264,-97.68786575
378	30.43382730055,-97.7719274291
379	30.386483341199998,-97.74200432395
380	30.404957675,-97.85175944105
381	30.4537910122,-97.8264178593
382	30.39701273085,-97.7267588675
383	30.3204832041,-97.70940088195
384	30.41319811245,-97.70381601035001
385	30.45829707915,-97.8230871145
386	30.3528766857,-97.7331027531
387	30.2812053364,-97.73801743985
388	30.25733705,-97.72653085
389	30.2814790583,-97.75135103165
390	30.20133521665,-97.8386955261
391	30.26354412015,-97.7680527347
392	30.2799131417,-97.8069127167
393	30.235139979099998,-97.82047972390001
394	30.2583906087,-97.7280030657
395	30.198669439950002,-97.76639971665
396	30.15848402615,-97.7911931033
397	30.17271006,-97.79929074165
398	30.16329106355,-97.789815025
399	30.2519974,-97.7655334833
400	30.264625225,-97.75012610835
401	30.27317750835,-97.7598592387
402	30.23027743715,-97.7320724785
403	30.2733911843,-97.7359538343
404	30.4757416202,-97.79741227310001
405	30.4763410167,-97.79560446664999
406	30.362894991650002,-97.71818923335
407	30.47247784415,-97.79749317625
408	30.43303187155,-97.76919945715
409	30.3935770766,-97.75166309299999
410	30.447382977849998,-97.81091933225
411	30.42869346315,-97.75039594904999
412	30.474817260149997,-97.79876140475
413	30.269339238150003,-97.75664269925
414	30.46785076985,-97.79499368329999
415	30.37335603335,-97.72557028835
416	30.335980149999997,-97.73917179165
417	30.2878211011,-97.73528426885
418	30.26540683335,-97.78172577195
419	30.203229174999997,-97.8788280417
420	30.22204978275,-97.83718179715001
421	30.27954713945,-97.74294117745
422	30.2662656909,-97.73332089185
423	30.4107266276,-97.67614424230001
424	30.4121086613,-97.6904335521
425	30.3225275333,-97.72826123335
426	30.28942614095,-97.7359096221
427	30.2407853499,-97.74719635795
428	30.26746926705,-97.72682532774999
429	30.22920252535,-97.75489456950001
430	30.430781602899998,-97.76436728294999
431	30.240555450000002,-97.72686340775
432	30.359627851299997,-97.73610263085001
433	30.31884224165,-97.71294869165
434	30.41135342325,-97.7057504654
435	30.416747175,-97.6720298868
436	30.32841333335,-97.71625179255
437	30.27841363335,-97.7358858
438	30.41379433065,-97.68928015590001
439	30.4363665967,-97.683363965
440	30.2733973917,-97.738914775
441	30.322065958,-97.7065209707
442	30.32840430115,-97.70526787169999
443	30.406610475,-97.6728317167
444	30.4564495921,-97.81885921955
445	30.46877293895,-97.7974089956
446	30.27252741665,-97.76887995015
447	30.26468684525,-97.75701441199999
448	30.171761457899997,-97.82323074165001
449	30.2912420602,-97.72740384184999
450	30.26851351025,-97.75293626695
451	30.28666767925,-97.73655554875
452	30.31873338835,-97.73068504665
453	30.27505571665,-97.73927281339999
454	30.315638066650003,-97.74195814999999
455	30.16598182185,-97.7879375912
456	30.23804968105,-97.78941885835
457	30.30821216665,-97.753698625
458	30.21027310765,-97.75378882884999
459	30.39236774055,-97.70737504165
460	30.39102511665,-97.72094546164999
461	30.26064701705,-97.74951545195
462	30.2642367486,-97.7541088583
463	30.2236362,-97.84085029165
464	30.2238668917,-97.83920840835
465	30.28897311665,-97.72358920835
466	30.355855623049997,-97.73230045
467	30.375213313499998,-97.72917773035
468	30.2852826845,-97.7368318959
469	30.2759476843,-97.74040781030001
470	30.3996848031,-97.74704924165
471	30.2805937751,-97.7344932
472	30.3994945193,-97.74339370265
473	30.41329982165,-97.8501598897
474	30.232152007849997,-97.73723849165
475	30.262582750900002,-97.72741096805001
476	30.269613448599998,-97.71910515125
477	30.26202411135,-97.72058179695
478	30.25448764495,-97.7244347312
479	30.23996063335,-97.784990845
480	30.29025264165,-97.74939495000001
481	30.29072617305,-97.74538865775
482	30.285810991650003,-97.74701685
483	30.23515722855,-97.87585539735
484	30.1724659167,-97.80085240849999
485	30.16423436675,-97.7930449301
486	30.242232035,-97.75208315834999
487	30.278255018,-97.73867726329999
488	30.456778883349997,-97.82513370000001
489	30.26576135645,-97.73530610015001
490	30.2871146878,-97.74050116539999
491	30.4160115878,-97.69762407015
492	30.347954649400002,-97.73573866654999
493	30.201408083300002,-97.87977845835
494	30.433878321599998,-97.7668152829
495	30.22924580275,-97.75614917275
496	30.402416875,-97.85461478335
497	30.358395175,-97.7380914583
498	30.34352116265,-97.70637522235
499	30.29618555,-97.7403869035
500	30.319374561,-97.75448381855
501	30.4548975085,-97.82717398065
502	30.266347850000002,-97.72592453335
503	30.43548122395,-97.76797770675
504	30.4459056062,-97.743881875
505	30.18491698185,-97.84923171995
506	30.260673720550002,-97.73743572875
507	30.27829469125,-97.7729388612
508	30.234100082399998,-97.7620410017
509	30.27647519195,-97.7498414
510	30.27925931665,-97.7454645989
511	30.289152844,-97.73897498845
512	30.46790643065,-97.7614892168
513	30.4326089936,-97.73753732735
514	30.25679673855,-97.80785679819999
515	30.492807125,-97.7269189917
516	30.218078706500002,-97.68914933885
517	30.408070191649998,-97.7462407
518	30.49825740435,-97.776899495
519	30.297219158799997,-97.71938152655
520	30.2932963907,-97.73297895545
521	30.42458745015,-97.7567566014
522	30.28288474755,-97.7367939413
523	30.38448691355,-97.74305053655
524	30.32480669615,-97.73992738305
525	30.22272820835,-97.76558295000001
526	30.152296416699997,-97.8339505833
527	30.26840131945,-97.72511592500001
528	30.361750466300002,-97.71702501339999
529	30.30602569665,-97.715540425
530	30.2729693,-97.7614218
531	30.237323846000002,-97.75601506235
532	30.23922796745,-97.75491870105
533	30.374879843099997,-97.76339840515
534	30.408836066699998,-97.7198989083
535	30.25201793335,-97.70206366664999
536	30.40732299395,-97.8512432537
537	30.1835217461,-97.84972697275
538	30.274555953700002,-97.7617013558
539	30.2702170603,-97.7365065445
540	30.332866933349997,-97.70483929835001
541	30.3328386417,-97.68545489415
542	30.249998595,-97.85923042499999
543	30.46107030835,-97.7925388333
544	30.3262959238,-97.7047151327
545	30.38274751665,-97.75158781665
546	30.28560491665,-97.7435692
547	30.30375443335,-97.7317105333
548	30.20086338135,-97.76934170445
549	30.2835524458,-97.7225679159
550	30.2138611893,-97.7694153786
551	30.285240805,-97.727346514
552	30.31998968,-97.71172094
553	30.3891670333,-97.7528005
554	30.2638211074,-97.763364315
555	30.2690380902,-97.7711749077
556	30.4053132648,-97.8743433952
557	30.3345743833,-97.75309595
558	30.2670551134,-97.7577853203
559	30.2369534281,-97.7494597435
560	30.1416577457,-97.8327658206
561	30.2496328484,-97.7278089523
562	30.2793971027,-97.7474534512
563	30.309826488,-97.755003496
564	30.2324747,-97.87407125
565	30.3131165438,-97.6567304134
566	30.1855516663,-97.8736996651
567	30.2233065167,-97.8439984333
568	30.2370831965,-97.7948856354
569	30.250076915,-97.747402697
570	30.2666103281,-97.7646839619
571	30.2496356833,-97.7475490167
572	30.276470625,-97.744815285
573	30.4374741333,-97.78126495
574	30.3525408833,-97.7154331667
575	30.3366077833,-97.7595119667
576	30.3098984833,-97.8456370667
577	30.2336403667,-97.8722793
578	30.2953083667,-97.7859063333
579	30.3483084667,-97.7975034333
580	30.3176543167,-97.7131545
581	30.272569,-97.7727253
582	30.2612820137,-97.7451896667
583	30.2616897558,-97.7451789379
584	30.3757883333,-97.7539820167
585	30.3932860167,-97.7201079167
586	30.25873475,-97.6810043167
587	30.3126370333,-97.7439201667
588	30.32975335,-97.7233541
589	30.267874734,-97.765575586
590	30.2780316667,-97.7464980667
591	30.2679632105,-97.7654993534
592	30.3513425779,-97.7505540848
593	30.2574958,-97.678927083
594	30.2777731333,-97.7540946
595	30.3125330367,-97.704859972
596	30.211126101,-97.7360916138
597	30.26116055,-97.6978865333
598	30.2560863333,-97.7114715167
599	30.2625090167,-97.7008346333
600	30.2341262875,-97.8287029266
601	30.284554967,-97.710244883
602	30.2591756167,-97.6934997833
603	30.2336327167,-97.68376575
604	30.2348287713,-97.7440983894
605	30.28481525,-97.77406655
606	30.2066292653,-97.81650424
607	30.1872484,-97.8576443667
608	30.2294627333,-97.8197144667
609	30.2210462284,-97.7539873123
610	30.2528845,-97.7005691333
611	30.3239895166,-97.6912879944
612	30.1907213667,-97.8699298
613	30.3727290167,-97.7225738167
614	30.4237116468,-97.7020812035
615	30.2015573297,-97.6671266556
616	30.2633670407,-97.7493095398
617	30.2433906628,-97.8827118874
618	30.3573302487,-97.7485451102
619	30.2414855957,-97.7853393555
620	30.33567085,-97.7381484167
621	30.3033261315,-97.7071988583
622	30.27990635,-97.70927395
623	30.2089101076,-97.7888399363
624	30.27515125,-97.82522205
625	30.3999184167,-97.7399985833
626	30.233027852,-97.8214663267
627	30.2663469167,-97.7711749
628	30.2592641288,-97.7159482241
629	30.2839739925,-97.7363705635
630	30.3472597333,-97.7150252667
631	30.2836404612,-97.7325296402
632	30.3439994167,-97.7140944
633	30.2729601667,-97.7484191333
634	30.4006103667,-97.7379903667
635	30.378809641,-97.722255267
636	30.24754265,-97.7334492
637	30.2786558859,-97.7500283718
638	30.3218687333,-97.7741467953
639	30.2193218669,-97.7584183216
640	30.4476377687,-97.9475784302
641	30.4338816833,-97.9429644
642	30.2554899167,-97.7193788
643	30.2795082847,-97.7264785767
644	30.172845435,-97.6721692085
645	30.2770159238,-97.732282877
646	30.2003060217,-97.7857350026
647	30.1972733341,-97.7670550346
648	30.4310061977,-97.6713109016
649	30.227109066,-97.8211927414
650	30.2402670833,-97.7886598667
651	30.2762482167,-97.7729394
652	30.3193468,-97.7058805667
653	30.4654706333,-97.8017767167
654	30.2379986,-97.7392689833
655	30.2367865827,-97.7628627419
656	30.2355166947,-97.7716362476
657	30.2416843167,-97.76014035
658	30.2248711333,-97.6917405
659	30.2294115,-97.705008117
660	30.252422472,-97.7362203598
661	30.22096723,-97.70078074
662	30.2107885167,-97.7749676333
663	30.3895721938,-97.7507793903
664	30.2242147923,-97.6925861835
665	30.22557915,-97.702681733
666	30.39448213,-97.7001149
667	30.1649333553,-97.7898859978
668	30.1603416463,-97.7938342094
669	30.27488245,-97.7334426833
670	30.2175793667,-97.8414189667
671	30.2298965454,-97.7063598633
672	30.3158487927,-97.7064692974
673	30.3261658185,-97.7117800713
674	30.3119867833,-97.70841975
675	30.4371112,-97.7704848
676	30.3877437,-97.73916005
677	30.301299,-97.7213209833
678	30.3236945,-97.7071748333
679	30.2157478923,-97.7689379454
680	30.398659917,-97.749493683
681	30.34686332,-97.72607147
682	30.3324151,-97.7228736833
683	30.20013368,-97.77645677
684	30.3832232251,-97.7381300926
685	30.2925999667,-97.72055695
686	30.2586223817,-97.744256258
687	30.301744476,-97.744897306
688	30.3709959833,-97.6915025667
689	30.3215538533,-97.7052783966
690	30.25838725,-97.7876332667
691	30.2663469167,-97.7711749
692	30.3832880126,-97.737518549
693	30.3589896968,-97.7578496933
694	30.2477947667,-97.7434574833
695	30.2670551134,-97.776517868
696	30.2664713322,-97.7520024776
697	30.251336617,-97.68692045
698	30.1905783333,-97.81763955
699	30.2296376167,-97.8370143667
700	30.2158666167,-97.8307851
701	30.2024382148,-97.8082323074
702	30.2126280911,-97.9665148258
703	30.2033146333,-97.8269626333
704	30.1988917167,-97.8085827
705	30.2629032333,-97.8144711167
706	30.1753404374,-97.8250873089
707	30.3700060167,-97.6587149333
708	30.197884,-97.7863389667
709	30.4148714189,-97.696121335
710	30.16587285,-97.8344652667
711	30.1691057333,-97.8389588833
712	30.2268402325,-97.7682673931
713	30.2194887419,-97.8290247917
714	30.3499352948,-97.7969026566
715	30.2262479067,-97.8024655581
716	30.2348476167,-97.8263843667
717	30.244761,-97.7489610333
718	30.2325968169,-97.8230810165
719	30.1710325167,-97.7911381333
720	30.2374632833,-97.8412116667
721	30.1864473833,-97.8166388667
722	30.2094116211,-97.7836685181
723	30.17440395,-97.8266786
724	30.1747361167,-97.8410514833
725	30.1905676667,-97.8174721667
726	30.16677315,-97.7929494667
727	30.17643185,-97.8201888
728	30.1878424,-97.7838901
729	30.2545781333,-97.769175
730	30.1747304516,-97.826492597
731	30.22729335,-97.76947445
732	30.2089595,-97.804548
733	30.2261449701,-97.7745115757
734	30.2419881667,-97.7814036167
735	30.2476119995,-97.772960255
736	30.2641349167,-97.76622615
737	30.373800468,-97.754916374
738	30.3042244333,-97.7367503833
739	30.3732680167,-97.7305582833
740	30.2705841,-97.8177632
741	30.3395466972,-97.8344535828
742	30.4240215722,-97.6696747541
743	30.2371176,-97.7239901833
744	30.4375555643,-97.7643299103
745	30.3863206247,-97.7379183847
746	30.3934145167,-97.7534781833
747	30.3079341167,-97.70899985
748	30.2619605333,-97.7749487167
749	30.2524085704,-97.7411609888
750	30.2703626667,-97.78945245
751	30.2368731833,-97.7909384167
752	30.2337647784,-97.7940487862
753	30.3608787,-97.68740415
754	30.3693947435,-97.8917884827
755	30.46714198,-97.7657209
756	30.4416810694,-97.7425932884
757	30.2872328117,-97.7250006795
758	30.3167760833,-97.7430177333
759	30.3979658966,-97.7455115318
760	30.4472400501,-97.7870857716
761	30.4035895,-97.7103228833
762	30.4218818167,-97.7157103667
763	30.23326886,-97.764903903
764	30.3944101,-97.7474719667
765	30.18595575,-97.8735923667
766	30.3918383833,-97.9395537833
767	30.3750827996,-97.6906040311
768	30.2777478877,-97.7348041534
769	30.424308368,-97.6786386967
770	30.2906860692,-97.7343052626
771	30.32967435,-97.7303418
772	30.4877002,-97.7703682
773	30.3936256927,-97.7311778069
774	30.46722965,-97.79774085
775	30.3276461167,-97.9236403333
776	30.3851945963,-97.7384090424
777	30.2646496667,-97.7612142333
778	30.2838975,-97.8332773333
779	30.3610086719,-97.6981612301
780	30.3334987,-97.82305955
781	30.26135282,-97.72477498
782	30.2636861667,-97.8157854
783	30.2264153333,-97.7653630167
784	30.1886862363,-97.7688360214
785	30.2923534052,-97.7057990746
786	30.2985400667,-97.7191907167
787	30.2614666,-97.7184216
788	30.2609887333,-97.7311214667
789	30.1981277466,-97.7638473511
790	30.4508009611,-97.7807235718
791	30.4542237514,-97.7731022228
792	30.4520832167,-97.7715026
793	30.1997607633,-97.7666983008
794	30.2923729872,-97.7051252512
795	30.1805064684,-97.7478826046
796	30.2035731,-97.80689875
797	30.26189619,-97.73329663
798	30.2938311838,-97.716653645
799	30.31386464,-97.74883675
800	30.2148903045,-97.7508974075
801	30.3893223151,-97.6741969585
802	30.3919911333,-97.6872719167
803	30.3514284333,-97.7085904833
804	30.19165735,-97.7769082167
805	30.1880285167,-97.7835535667
806	30.1921881667,-97.77994715
807	30.1941346667,-97.7779274
808	30.1937263785,-97.7791303396
809	30.1976071587,-97.7860665321
810	30.1623780667,-97.8076862833
811	30.3244618245,-97.7746617794
812	30.1928939819,-97.7777557373
813	30.2002394333,-97.7680802667
814	30.2139492672,-97.7313387394
815	30.2925110817,-97.7026605606
816	30.2920895717,-97.7026391029
817	30.2990132333,-97.7240414167
818	30.1951590858,-97.7657032013
819	30.2139956239,-97.7323901653
820	30.2960533833,-97.7054995333
821	30.2160287167,-97.7356053667
822	30.21685315,-97.7513167167
823	30.2928716907,-97.7143262509
824	30.1511551275,-97.8352002749
825	30.2933635655,-97.7052037249
826	30.2380564543,-97.7973532677
827	30.1976337,-97.7879690333
828	30.1987539167,-97.79410855
829	30.2081086,-97.7554289667
830	30.2022898557,-97.9721260071
831	30.1826024827,-97.9118943214
832	30.2347422333,-97.9115930333
833	30.2331668951,-97.7587133646
834	30.3190005,-97.8713810667
835	30.2306131045,-97.8074598312
836	30.355658535,-97.800407657
837	30.3651905333,-97.7490596667
838	30.3600805833,-97.78909825
839	30.36092275,-97.7894340167
840	30.3547364,-97.8012467
841	30.3754131833,-97.76066325
842	30.3426273833,-97.76261875
843	30.36972457,-97.71721059
844	30.3085803792,-97.7424967289
845	30.3355302167,-97.8046946333
846	30.3715798667,-97.7205388167
847	30.3518703038,-97.7549099922
848	30.3341112252,-97.8082752228
849	30.3352604333,-97.8072506333
850	30.3654509667,-97.7501798833
851	30.3651898123,-97.7491673827
852	30.2540377,-97.70549505
853	30.2539145638,-97.705643177
854	30.3407049833,-97.7985931
855	30.3898440667,-97.7524250167
856	30.37619485,-97.7653787333
857	30.3566191167,-97.7591348833
858	30.425677575,-97.7563047409
859	30.29902875,-97.7179764333
860	30.37323795,-97.75637665
861	30.2740426333,-97.7484306333
862	30.29171255,-97.8601781333
863	30.4355563777,-97.7629265909
864	30.2893718167,-97.8711387
865	30.2911559667,-97.8589226
866	30.36586058,-97.73555916
867	30.2902613167,-97.8232754333
868	30.3516249579,-97.7087062597
869	30.2565604223,-97.8910776973
870	30.33953404,-97.77687925
871	30.28884327,-97.84251904
872	30.4230448167,-97.67059565
873	30.4398338525,-97.7726976897
874	30.274236401,-97.8117618371
875	30.4250362,-97.7157430833
876	30.3265030333,-97.7167704
877	30.3127090153,-97.7148485184
878	30.3116985833,-97.7164218667
879	30.2893803333,-97.6992294167
880	30.2653593585,-97.7610576153
881	30.2516734167,-97.7744978667
882	30.3099918333,-97.71523475
883	30.3101758167,-97.7317018
884	30.2770912167,-97.6725282333
885	30.4988473333,-97.7753889
886	30.2959152333,-97.7061938833
887	30.2920283,-97.69940175
888	30.3115049443,-97.7081215382
889	30.2907696167,-97.7744749
890	30.3698819667,-97.79996365
891	30.2839276688,-97.7311992645
892	30.2837794327,-97.7757668495
893	30.4027223165,-97.7236783504
894	30.3562493936,-97.7580213547
895	30.3131913167,-97.77331225
896	30.2186146667,-97.7714012333
897	30.2245597,-97.7667526
898	30.3751505925,-97.7315615283
899	30.3518317333,-97.7976296667
900	30.2299345833,-97.7299011167
901	30.2430175667,-97.7587724833
902	30.2302647,-97.8155395333
903	30.2743103897,-97.7432799339
904	30.2687716333,-97.7344179
905	30.4624559167,-97.7691808333
906	30.2747907333,-97.7742833
907	30.2347637333,-97.7952394072
908	30.3957206011,-97.9089653492
909	30.3918057667,-97.7057713333
910	30.4137238833,-97.6926948
911	30.4246866,-97.7142348833
912	30.3935117427,-97.7329437848
913	30.3511365788,-97.7334630489
914	30.3119444833,-97.7149128833
915	30.4561842403,-97.7668703021
916	30.4635873667,-97.7884771167
917	30.4616886797,-97.7951055765
918	30.4885848436,-97.7720868587
919	30.4228806333,-97.70012855
920	30.4773048475,-97.7988767624
921	30.4682441667,-97.7929005667
922	30.3533229138,-97.7977237241
923	30.4571640312,-97.7650487423
924	30.4257150716,-97.7158310264
925	30.2270719856,-97.7832341194
926	30.2230857568,-97.7461874485
927	30.168346851,-97.7827191353
928	30.2080538167,-97.7212117
929	30.2039179691,-97.7177208061
930	30.204936134,-97.7157738429
931	30.4074091067,-97.7468580008
932	30.407052863,-97.7469116449
933	30.4099826667,-97.7460648333
934	30.2164385927,-97.7347505093
935	30.298222981,-97.7182042531
936	30.4451429833,-97.7111148833
937	30.2054052019,-97.7165731929
938	30.1982919833,-97.6847815667
939	30.2294981167,-97.730071
940	30.2849282564,-97.7140009403
941	30.2111631875,-97.7227985859
942	30.29505065,-97.7172129
943	30.2934438667,-97.7163167167
944	30.2890227333,-97.7077541
945	30.2637415667,-97.7345223333
946	30.3507948667,-97.7149394833
947	30.2961749002,-97.7173376083
948	30.2825564766,-97.7039802074
949	30.2003518953,-97.764480114
950	30.3130677,-97.7079523
951	30.32764148,-97.7380315
952	30.4150931333,-97.6706251833
953	30.34602552,-97.70656365
954	30.4111815333,-97.6718886667
955	30.4241252274,-97.670635835
956	30.2711785482,-97.7457582951
957	30.32706207,-97.72676509
958	30.2221220833,-97.8417334333
959	30.2226129608,-97.8413951397
960	30.2159267664,-97.8245401382
961	30.2183803667,-97.84923645
962	30.1885643,-97.9149717833
963	30.2770993124,-97.7291607857
964	30.2647358833,-97.7223635
965	30.282879,-97.728179
966	30.1948067066,-97.9064226151
967	30.2305389462,-97.8097987175
968	30.2743862,-97.7435437667
969	30.3340528833,-97.6995579833
970	30.3452688954,-97.6975858212
971	30.2411615457,-97.7672588825
972	30.2344090052,-97.8185802698
973	30.24096632,-97.76684057
974	30.249799672,-97.729074955
975	30.2495907,-97.7313574167
976	30.2540350422,-97.8073740005
977	30.2542667312,-97.7393102646
978	30.2418762449,-97.7323543288
979	30.2526170667,-97.7407020833
980	30.2420721994,-97.7355819941
981	30.2425217302,-97.7351608872
982	30.2456880667,-97.7313356167
983	30.2467018833,-97.7307756667
984	30.2469031333,-97.73079855
985	30.2469674167,-97.7328755
986	30.2502259976,-97.7346324921
987	30.2404282833,-97.7609836
988	30.2401493,-97.7608621
989	30.2353835106,-97.7636486292
990	30.2114320638,-97.6637578011
991	30.2767101651,-97.7344286442
992	30.3295274154,-97.7037978172
993	30.3230236999,-97.7070460512
994	30.2049586667,-97.83582315
995	30.2422381,-97.7290535167
996	30.2413694833,-97.7624166833
997	30.35560415,-97.758064
998	30.3568825833,-97.7567405
999	30.3709375667,-97.7402854667
1000	30.3834216833,-97.75673885
1001	30.37186866,-97.78540521
1002	30.3690071951,-97.7421988877
1003	30.3748250833,-97.7569941167
1004	30.3579738,-97.71754175
1005	30.27653775,-97.746643117
1006	30.340282824,-97.7100795507
1007	30.2842635153,-97.7031379938
1008	30.3759002,-97.7262929167
1009	30.4124941,-97.70952375
1010	30.2852229,-97.77905235
1011	30.3132156667,-97.65602435
1012	30.3120606712,-97.6646912098
1013	30.3128134474,-97.7305837118
1014	30.2949906667,-97.7399670833
1015	30.3001064631,-97.7463410028
1016	30.2353969167,-97.7416897333
1017	30.3886592667,-97.7516780399
1018	30.2926365167,-97.7499669167
1019	30.2734177333,-97.7722531333
1020	30.2966709833,-97.7676836667
1021	30.3057616833,-97.7414205
1022	30.3054102652,-97.7467668056
1023	30.4366920833,-97.77053535
1024	30.3882806833,-97.7430227333
1025	30.4197889167,-97.7061910833
1026	30.2559931333,-97.7219012
1027	30.3918673462,-97.7403187752
1028	30.1580099326,-97.7928930954
1029	30.2916171077,-97.8250229359
1030	30.2623755001,-97.8150451183
1031	30.3085793167,-97.9432468333
1032	30.2917233874,-97.8264272481
1033	30.2438054305,-97.8804937005
1034	30.3821638,-97.9609133333
1035	30.2770909333,-97.8155408667
1036	30.316646148,-97.871843131
1037	30.2694584667,-97.8069517167
1038	30.2364494,-97.842025
1039	30.3047109275,-97.9373538494
1040	30.3160206,-97.8724294
1041	30.2363231218,-97.8536689281
1042	30.22420907,-97.86858546
1043	30.3735650333,-97.7498125
1044	30.3078185423,-97.9146409035
1045	30.2921984233,-97.8275871277
1046	30.3315762333,-97.8101514667
1047	30.3315208667,-97.8097480833
1048	30.33982425,-97.8069568333
1049	30.2723145,-97.8023982333
1050	30.3301015609,-97.8164291382
1051	30.3370379275,-97.7185075116
1052	30.29211229,-97.88430303
1053	30.3287519317,-97.7306627528
1054	30.2147419643,-97.7994561195
1055	30.2734579457,-97.7664220333
1056	30.2573516804,-97.7219658963
1057	30.2295748839,-97.795239687
1058	30.3210980333,-97.77338935
1059	30.2734394142,-97.7663683891
1060	30.2731890667,-97.7505764333
1061	30.25154485,-97.7263686333
1062	30.2752625833,-97.7171015667
1063	30.2840759046,-97.729139328
1064	30.2501858833,-97.7274766167
1065	30.2364343526,-97.7222406864
1066	30.3126048167,-97.7159835667
1067	30.3902777778,-97.8436111111
1068	30.3973458793,-97.7477753162
1069	30.4628733833,-97.7961917667
1070	30.36156225,-97.73073554
1071	30.3239709947,-97.704988718
1072	30.2194887419,-97.6747441292
1073	30.35660565,-97.7474562667
1074	30.4323496333,-97.7913269
1075	30.4600402245,-97.7687394619
1076	30.2896160587,-97.7260065079
1077	30.3116323,-97.7393409
1078	30.4274856263,-97.7841747937
1079	30.3760283,-97.7258893
1080	30.3901298,-97.7466699
1081	30.4568680837,-97.8068053722
1082	30.428896986,-97.7603387833
1083	30.4391095867,-97.7810561657
1084	30.44782175,-97.7991523833
1085	30.2768829,-97.7614726333
1086	30.2821075916,-97.7641689777
1087	30.281855464,-97.7635842562
1088	30.2865402927,-97.7204918861
1089	30.3028629846,-97.7070701122
1090	30.3130201167,-97.7060819833
1091	30.2729239833,-97.6996566667
1092	30.33625215,-97.69980205
1093	30.3339600226,-97.6888493501
1094	30.2818060187,-97.7030012012
1095	30.3765177167,-97.6754762333
1096	30.3963873167,-97.8287998167
1097	30.307536913,-97.705859075
1098	30.2512649333,-97.7142804167
1099	30.2591135387,-97.70865798
1100	30.3030297177,-97.7093017101
1101	30.2974069501,-97.709569931
1102	30.2953712805,-97.719810605
1103	30.2418449667,-97.7267765167
1104	30.2654232,-97.7642936333
1105	30.2989354114,-97.7081859112
1106	30.36195175,-97.73046215
1107	30.3389911262,-97.700343132
1108	30.2845391402,-97.7251052856
1109	30.2145055465,-97.7972996235
1110	30.291218754,-97.7372395992
1111	30.32242965,-97.6932270167
1112	30.339338,-97.693751
1113	30.27242435,-97.73472375
1114	30.2979349667,-97.7675485611
1115	30.3527730629,-97.7140555508
1116	30.3074016167,-97.7275692
1117	30.3067070372,-97.7265429497
1118	30.3585964333,-97.7157182667
1119	30.3354184772,-97.6692330221
1120	30.2055676112,-97.7753537893
1121	30.3115635167,-97.6904319
1122	30.3112334,-97.6901682167
1123	30.25893777,-97.7337045
1124	30.2866487833,-97.7181457333
1125	30.3021278167,-97.6918949
1126	30.2710424496,-97.7323300409
1127	30.3130373833,-97.7714206333
1128	30.3130182833,-97.7715122333
1129	30.4010285333,-97.6608398524
1130	30.4109990833,-97.6877013833
1131	30.401637675,-97.6635036183
1132	30.4013805483,-97.6618051529
1133	30.3188032405,-97.7759170532
1134	30.4135236167,-97.6821617
1135	30.4223480833,-97.6690462333
1136	30.35644835,-97.7473549
1137	30.382526852,-97.68857606
1138	30.4186056333,-97.700836
1139	30.4090215,-97.6770500667
1140	30.41568115,-97.6819460667
1141	30.44936475,-97.78981945
1142	30.3770166167,-97.6741753333
1143	30.4043833073,-97.6723891497
1144	30.2965714333,-97.7599008667
1145	30.4173144333,-97.6708765
1146	30.4053994333,-97.67381595
1147	30.4155079833,-97.6748597167
1148	30.4005846167,-97.6840033
1149	30.3329174,-97.8393540167
1150	30.4151657167,-97.6868326333
1151	30.40852005,-97.67881475
1152	30.3449818675,-97.8273618221
1153	30.4740130613,-97.801322937
1154	30.4607384516,-97.7946817875
1155	30.370042708,-97.8935158253
1156	30.3408479691,-97.8054213524
1157	30.341203863,-97.80547342
1158	30.34241005,-97.80378695
1159	30.4971826511,-97.7757883072
1160	30.3590247333,-97.73318235
1161	30.3448337238,-97.9110789299
1162	30.40378485,-97.9305652
1163	30.379558035,-97.7379798889
1164	30.3869514205,-97.7535072676
1165	30.2773039833,-97.7573374167
1166	30.2617081667,-97.8235802667
1167	30.2848078158,-97.7544593811
1168	30.372926098,-97.7240914106
1169	30.23241758,-97.74592101
1170	30.2835848725,-97.7534294128
1171	30.2568765833,-97.7242635167
1172	30.2664926,-97.78181308
1173	30.2970868618,-97.7681325246
1174	30.1652756833,-97.8408396167
1175	30.1763261833,-97.82176265
1176	30.2294677579,-97.8330868388
1177	30.1795296667,-97.84046835
1178	30.2634608667,-97.76572465
1179	30.2668636167,-97.7853119167
1180	30.25178195,-97.735621767
1181	30.243254,-97.76488
1182	30.4335298333,-97.7733348333
1183	30.335012522,-97.706322651
1184	30.1557218929,-97.8021812439
1185	30.466094408,-97.818981833
1186	30.2301372333,-97.7798919
1187	30.335133667,-97.706080383
1188	30.2016129648,-97.7664971352
1189	30.2155034833,-97.83969615
1190	30.4430500325,-97.6795077324
1191	30.3024189667,-97.7322740333
1192	30.1579483071,-97.7940273285
1193	30.1705729801,-97.7983188629
1194	30.3867842589,-97.7454729555
1195	30.1504747088,-97.8022611907
1196	30.2263280563,-97.8921023011
1197	30.3515586167,-97.7223921667
1198	30.2199615529,-97.8384661674
1199	30.2287334833,-97.8204748167
1200	30.46321025,-97.8145947167
1201	30.391710019,-97.7416276932
1202	30.3051879597,-97.7455437183
1203	30.2373632667,-97.6861014
1204	30.2472138747,-97.7592766285
1205	30.3911084712,-97.7262854576
1206	30.389853717,-97.735793367
1207	30.2208786011,-97.7728652954
1208	30.4078486263,-97.7267253399
1209	30.3382688791,-97.8071916103
1210	30.45603275,-97.7971542167
1211	30.4157706167,-97.74697995
1212	30.4478157167,-97.75721185
1213	30.42412835,-97.7132441333
1214	30.4575455167,-97.80936955
1215	30.384537477,-97.7367353439
1216	30.4457095833,-97.6355129667
1217	30.4612239707,-97.8006148338
1218	30.4915166167,-97.7750540667
1219	30.4605673633,-97.790594101
1220	30.4611407391,-97.7905726433
1221	30.4693519833,-97.79971605
1222	30.4267692263,-97.7405655384
1223	30.2651230625,-97.7654376626
1224	30.4360667985,-97.7660462261
1225	30.4739561,-97.8001706167
1226	30.4781484833,-97.8002442167
1227	30.47693485,-97.79727739
1228	30.445103083,-97.784464833
1229	30.4730560183,-97.8010761738
1230	30.3914241667,-97.71382635
1231	30.2696403883,-97.7599740028
1232	30.3733542333,-97.6889334167
1233	30.3859783667,-97.7344898167
1234	30.288568,-97.751794
1235	30.3910506833,-97.7196275333
1236	30.4244050833,-97.7507400167
1237	30.4631711167,-97.7897018833
1238	30.4641805833,-97.8035831
1239	30.4669482905,-97.7976965904
1240	30.4618250864,-97.7957653999
1241	30.4623053167,-97.7928409167
1242	30.4457767,-97.78768545
1243	30.4361761189,-97.7726355138
1244	30.4572296667,-97.7916540167
1245	30.4557793833,-97.79456315
1246	30.4290797833,-97.7469858
1247	30.4427987,-97.7834492
1248	30.4165969684,-97.7472174168
1249	30.4132522428,-97.7377223969
1250	30.338020912,-97.7566733016
1251	30.4222081167,-97.7017721833
1252	30.469581,-97.8007804
1253	30.27657565,-97.7371407667
1254	30.4401433333,-97.7013731
1255	30.42930235,-97.7607146833
1256	30.2705246833,-97.7898987833
1257	30.2904683624,-97.7317035198
1258	30.2872536567,-97.730383873
1259	30.3640921167,-97.69499485
1260	30.2109406686,-97.8781735897
1261	30.2271739568,-97.7820646763
1262	30.24762058,-97.75419539
1263	30.2344076,-97.8633429333
1264	30.218747073,-97.8429400921
1265	30.2709220333,-97.7879393667
1266	30.2886247832,-97.7317678928
1267	30.3950975167,-97.8780041167
1268	30.2975448167,-97.7838264
1269	30.4035828891,-97.9487264156
1270	30.4239244315,-97.7151918411
1271	30.4132270833,-97.6920812833
1272	30.4054798234,-97.6719868183
1273	30.2627647041,-97.7369177341
1274	30.4218826294,-97.7509765625
1275	30.20057305,-97.7633838833
1276	30.3379447922,-97.8071165085
1277	30.3211119333,-97.738889
1278	30.3934670167,-97.7476040167
1279	30.2518734,-97.8137753
1280	30.2448091667,-97.8089524833
1281	30.2081684116,-97.8169977665
1282	30.2656912488,-97.7627221091
1283	30.2575288536,-97.749298811
1284	30.2570376886,-97.7499639988
1285	30.2815929246,-97.7327871323
1286	30.2734923333,-97.7427649333
1287	30.2666811349,-97.7831291298
1288	30.3980162667,-97.7336601
1289	30.3229363667,-97.70939665
1290	30.3194727167,-97.6032847667
1291	30.42196215,-97.7024402167
1292	30.393228,-97.721488
1293	30.425422527,-97.719152663
1294	30.2180239404,-97.7522063255
1295	30.2009654045,-97.7996116877
1296	30.2368582167,-97.7494512167
1297	30.23392995,-97.7243129
1298	30.2178524274,-97.7557843924
1299	30.1859689964,-97.7312850952
1300	30.2096217701,-97.7800583839
1301	30.413631595,-97.6764178276
1302	30.25116455,-97.7188060833
1303	30.2125075333,-97.7553421333
1304	30.31197585,-97.8261795167
1305	30.4133355833,-97.6708980667
1306	30.3926447244,-97.7164363861
1307	30.331092417,-97.6669442654
1308	30.2765885131,-97.7022927664
1309	30.3535738208,-97.7490949631
1310	30.3532360854,-97.709438926
1311	30.3510417,-97.796244
1312	30.3979828833,-97.7469535333
1313	30.3644332886,-97.7181243896
1314	30.4462781194,-97.6851028204
1315	30.4125576,-97.6717059
1316	30.4461944103,-97.6855587959
1317	30.4507362184,-97.6801514626
1318	30.3984956844,-97.6552015543
1319	30.4142583167,-97.6720844833
1320	30.2732772167,-97.7448606167
1321	30.4259361841,-97.7172974919
1322	30.4457277798,-97.6757150888
1323	30.4363010211,-97.67454169
1324	30.3985211327,-97.748311758
1325	30.4396576167,-97.69628105
1326	30.3029556142,-97.7466219664
1327	30.4107401535,-97.6993077993
1328	30.4212544333,-97.6712151
1329	30.4497489388,-97.6955959568
1330	30.320312324,-97.7561909738
1331	30.35735732,-97.87625092
1332	30.3427994,-97.7755934333
1333	30.33891265,-97.7733915833
1334	30.4511917167,-97.6950431667
1335	30.45396816,-97.6944676
1336	30.2730319764,-97.7376418113
1337	30.2825657414,-97.7300834656
1338	30.2849745796,-97.7269184589
1339	30.2862901509,-97.726585865
1340	30.2939794047,-97.7197140455
1341	30.294572286,-97.7192902565
1342	30.2955185833,-97.72045885
1343	30.30142775,-97.7206051667
1344	30.30445115,-97.7131167167
1345	30.3132184256,-97.7072846889
1346	30.3160107,-97.7081966333
1347	30.3183187,-97.707205
1348	30.3298978322,-97.7047365904
1349	30.3371623833,-97.7029879
1350	30.4589581939,-97.7493524551
1351	30.4583570606,-97.7514016628
1352	30.4506830369,-97.8159409761
1353	30.4692038167,-97.7994078
1354	30.467050012,-97.7892959118
1355	30.4516981052,-97.8295719624
1356	30.4614459216,-97.7976429462
1357	30.4075301833,-97.6975061167
1358	30.24855673,-97.80728209
1359	30.4256274333,-97.7169259833
1360	30.4091790208,-97.6735334541
1361	30.4581998405,-97.7508115768
1362	30.4598852833,-97.7501801333
1363	30.4571455345,-97.820237875
1364	30.4470984,-97.8041602
1365	30.4421627333,-97.74266365
1366	30.2676767833,-97.7344889167
1367	30.38720295,-97.72639915
1368	30.2990149,-97.7243422333
1369	30.3567308038,-97.8933334351
1370	30.3962076283,-97.9318714142
1371	30.2574116,-97.724705
1372	30.27208885,-97.7592119
1373	30.2649979643,-97.7653598785
1374	30.3328935269,-97.7603334188
1375	30.3024368876,-97.7858304977
1376	30.331996283,-97.733428903
1377	30.2483253833,-97.7466936667
1378	30.23581625,-97.8566122167
1379	30.3215019,-97.708699
1380	30.2447577678,-97.7623826265
1381	30.2326153561,-97.7912378311
1382	30.230715072,-97.7881479263
1383	30.183196,-97.820034
1384	30.3016773187,-97.7079069614
1385	30.2780907043,-97.7376687527
1386	30.2085415,-97.9725319667
1387	30.4131281376,-97.9015570879
1388	30.3097167833,-97.70906295
1389	30.46989875,-97.7881997333
1390	30.4050634264,-97.743537426
1391	30.4321754214,-97.7635722152
1392	30.4010751355,-97.7422291371
1393	30.2710210269,-97.7907979488
1394	30.2950637833,-97.7364123667
1395	30.2952138,-97.7369316667
1396	30.2227159167,-97.7502392
1397	30.2753598167,-97.7558666833
1398	30.3686555379,-97.8007449729
1399	30.2784345667,-97.7560996167
1400	30.3944781333,-97.9090467
1401	30.2162241833,-97.7991698667
1402	30.2163366104,-97.7986246347
1403	30.2949984172,-97.6212072372
1404	30.1877217638,-97.8708028793
1405	30.2010110167,-97.8879422167
1406	30.1711304333,-97.8242898167
1407	30.1675319167,-97.7881722333
1408	30.2620875833,-97.9366779167
1409	30.2135825,-97.7280664333
1410	30.227192497,-97.8195244074
1411	30.4130599,-97.7198638167
1412	30.3243153833,-97.6977292
1413	30.29092005,-97.7504752333
1414	30.273595517,-97.722801017
1415	30.3166730833,-97.7141940594
1416	30.3945534391,-97.7202531695
1417	30.41223315,-97.6718759333
1418	30.4080095735,-97.716505968
1419	30.4110918333,-97.6728230833
1420	30.2123725,-97.8004404
1421	30.2133864335,-97.7509177813
1422	30.4194974884,-97.8382515907
1423	30.3110053833,-97.88196395
1424	30.3262809741,-97.739723364
1425	30.3648969667,-97.6974526667
1426	30.3119847667,-97.7067837333
1427	30.3141652667,-97.7072752667
1428	30.2106996059,-97.7564227581
1429	30.2079796333,-97.7582890167
1430	30.2322723807,-97.7943599224
1431	30.4170238833,-97.7455624667
1432	30.3929866,-97.7385391333
1433	30.2583624186,-97.7562745505
1434	30.2568115666,-97.7584826946
1435	30.3177689167,-97.7378394167
1436	30.3143153333,-97.7423852167
1437	30.3791459,-97.7033951333
1438	30.2751752033,-97.7557115603
1439	30.4163104667,-97.7483684833
1440	30.4177398682,-97.7505645752
1441	30.2988816667,-97.7490103
1442	30.39517027,-97.73161602
1443	30.3883749504,-97.7100676412
1444	30.3987709878,-97.752109766
1445	30.4010201917,-97.7422099372
1446	30.3705281967,-97.6928594698
1447	30.44409925,-97.7876030333
1448	30.4448120817,-97.7888506651
1449	30.2537569,-97.7528707
1450	30.2533214368,-97.7534414828
1451	30.28898395,-97.7500755667
1452	30.22099045,-97.8412685667
1453	30.22079045,-97.8410629833
1454	30.2222988333,-97.8433632833
1455	30.2355598,-97.8404074167
1456	30.2838118594,-97.7173241973
1457	30.3521499,-97.6909448
1458	30.3460779667,-97.69499915
1459	30.3369534,-97.6998066833
1460	30.2900808167,-97.77658325
1461	30.2526723667,-97.74507715
1462	30.2068202691,-97.8395283222
1463	30.2861586333,-97.7515049333
1464	30.3314998689,-97.6546275616
1465	30.32596795,-97.7077627167
1466	30.1467060333,-97.9669214167
1467	30.2328100173,-97.7182924747
1468	30.3575420333,-97.7857232
1469	30.2804070016,-97.7325940132
1470	30.4332101827,-97.6708066463
1471	30.4227098167,-97.670773
1472	30.3167046833,-97.7140317667
1473	30.4658041,-97.8032802
1474	30.47831125,-97.6939124167
1475	30.3754229617,-97.6761522889
1476	30.3511365788,-97.7334630489
1477	30.3503056344,-97.7458870411
1478	30.4133678991,-97.6705652475
1479	30.2984537171,-97.7852833271
1480	30.4764834,-97.6734430333
1481	30.3206641,-97.6969486167
1482	30.41443485,-97.70011234
1483	30.44928359,-97.8096643
1484	30.4792465793,-97.678681612
1485	30.3201128833,-97.6970871
1486	30.4728499833,-97.7739920167
1487	30.2842936256,-97.7236032486
1488	30.2833729,-97.7474873
1489	30.42046695,-97.6703857167
1490	30.3860475167,-97.6483853167
1491	30.4010059857,-97.7244854429
1492	30.4016695333,-97.6573685833
1493	30.3292989,-97.6579027833
1494	30.33408945,-97.6676919
1495	30.40732371,-97.67428141
1496	30.3112093693,-97.7156583894
1497	30.2351459214,-97.8311061859
1498	30.4027223165,-97.850407362
1499	30.3770840333,-97.8480149167
1500	30.303826791,-97.8417127379
1501	30.4164350549,-97.8431546688
1502	30.3690646053,-97.8614709375
1503	30.4147663,-97.8500045
1504	30.39908581,-97.7287507
1505	30.32092261,-97.75070792
1506	30.2890594832,-97.7072679385
1507	30.2644540333,-97.7585001333
1508	30.23934235,-97.78874755
1509	30.2422202333,-97.7611358667
1510	30.3170157639,-97.7195692062
1511	30.3024598457,-97.7450256276
1512	30.2422989667,-97.76144195
1513	30.4487754199,-97.7877509594
1514	30.4413272633,-97.6756748557
1515	30.4391188367,-97.6710104942
1516	30.4585212166,-97.6515644789
1517	30.4053040116,-97.8783988953
1518	30.43978363,-97.6977933
1519	30.4358154487,-97.7639071932
1520	30.2977237,-97.7303307
1521	30.2177023833,-97.8547310667
1522	30.42208135,-97.7158486833
1523	30.3413093,-97.7302765833
1524	30.30670355,-97.6659465833
1525	30.20944795,-97.78536255
1526	30.2867070536,-97.7275729179
1527	30.2151605833,-97.7620423
1528	30.1993331909,-97.8224029541
1529	30.3924958833,-97.6721207
1530	30.4779133,-97.8011167
1531	30.2444015167,-97.749881
1532	30.2687255,-97.7725824833
1533	30.2741068811,-97.8122313883
1534	30.27058672,-97.81278455
1535	30.2808053992,-97.7248263359
1536	30.259126633,-97.72278445
1537	30.2603760444,-97.7186051021
1538	30.279832565,-97.7333879471
1539	30.2501333183,-97.7529895306
1540	30.2352705,-97.7893951
1541	30.2338293333,-97.841185
1542	30.2323157333,-97.8451688167
1543	30.2283630371,-97.8614501953
1544	30.2316698535,-97.8833556175
1545	30.2315397667,-97.9126871333
1546	30.235572845,-97.787634908
1547	30.2358233833,-97.85900115
1548	30.2354819347,-97.857914865
1549	30.2337265333,-97.85611285
1550	30.1738888889,-97.8011111111
1551	30.2124720812,-97.8808879852
1552	30.2011102438,-97.8074812889
1553	30.1999903333,-97.8080330167
1554	30.1674377918,-97.7889633179
1555	30.1706955667,-97.7995652333
1556	30.1710645768,-97.7935123444
1557	30.1674934881,-97.7939736843
1558	30.1824894333,-97.8462974
1559	30.25404322,-97.80872529
1560	30.24301295,-97.8004106833
1561	30.2354074833,-97.8461162
1562	30.2346101667,-97.85139645
1563	30.1775282621,-97.8333592415
1564	30.2355687667,-97.7606190833
1565	30.20557653,-97.76662147
1566	30.2453957,-97.7998947667
1567	30.2438037333,-97.8004744333
1568	30.2213749167,-97.7100001333
1569	30.3925208117,-97.723592439
1570	30.18221902,-97.78640455
1571	30.1850694159,-97.8023099899
1572	30.1709568501,-97.8047776222
1573	30.1590500865,-97.7932710875
1574	30.167092633,-97.786606267
1575	30.18449825,-97.7250779167
1576	30.1664332,-97.7896206833
1577	30.18922114,-97.78301686
1578	30.2336257361,-97.8018915653
1579	30.1895969167,-97.7729000833
1580	30.1994698833,-97.7703985833
1581	30.2823711789,-97.7196657658
1582	30.3191193167,-97.8202560667
1583	30.3547102539,-97.7943129838
1584	30.200155817,-97.77672715
1585	30.2893589766,-97.7325215936
1586	30.24282813,-97.75523132
1587	30.244801717,-97.80126355
1588	30.261176089,-97.750649493
1589	30.26150785,-97.7507622
1590	30.3409988333,-97.7008673333
1591	30.3462107,-97.6949807333
1592	30.4790801467,-97.6755809784
1593	30.1662783609,-97.7895963192
1594	30.16609328,-97.78679615
1595	30.24539945,-97.7998457833
1596	30.1766482016,-97.7845108509
1597	30.1600076954,-97.7934157848
1598	30.1617672641,-97.7940818957
1599	30.2529784,-97.7130391333
1600	30.2275076799,-97.8195619583
1601	30.2331161461,-97.8219528151
1602	30.2301608833,-97.81558835
1603	30.2554402,-97.7194401833
1604	30.2293885,-97.7599507167
1605	30.1764534293,-97.7403080463
1606	30.1803395273,-97.7223587036
1607	30.1890651556,-97.7125897439
1608	30.2178376167,-97.6872654167
1609	30.191122,-97.7714940667
1610	30.1980412833,-97.7692564833
1611	30.1990444458,-97.7609074116
1612	30.1859311833,-97.8169816333
1613	30.2783025167,-97.7407484167
1614	30.2871073667,-97.7545818833
1615	30.381836483,-97.731824067
1616	30.3276686667,-97.7112649333
1617	30.1679921667,-97.7841763667
1618	30.1706188917,-97.8141438961
1619	30.16228938,-97.81615632
1620	30.1944357799,-97.8422212601
1621	30.3161451676,-97.7128851414
1622	30.2684543208,-97.7316498756
1623	30.299047104,-97.691820974
1624	30.2972826167,-97.8352093
1625	30.2570699833,-97.7381536167
1626	30.2746404333,-97.73480225
1627	30.27848,-97.7297
1628	30.3783077002,-97.6746636629
1629	30.3601075014,-97.6961975584
1630	30.2599017833,-97.71839595
1631	30.2885101374,-97.7376151085
1632	30.3257524967,-97.7302873135
1633	30.3487779744,-97.7419495583
1634	30.35660855,-97.7351168833
1635	30.4004727623,-97.7217417955
1636	30.3859076,-97.7119372
1637	30.4028148515,-97.714869976
1638	30.4012139827,-97.7215647697
1639	30.4205518167,-97.7042634667
1640	30.4361984747,-97.6746744413
1641	30.4354268333,-97.67413325
1642	30.281011715,-97.819507295
1643	30.27142655,-97.788853883
1644	30.3330220333,-97.77630285
1645	30.34300405,-97.7637835833
1646	30.2786884,-97.8078701667
1647	30.2828344225,-97.8108179569
1648	30.3088003614,-97.8448820114
1649	30.302587167,-97.88449255
1650	30.296292067,-97.830170433
1651	30.32394599,-97.67208796
1652	30.2433118799,-97.7454042435
1653	30.2528546461,-97.7119174407
1654	30.3086589,-97.7425022667
1655	30.4157411367,-97.6702272892
1656	30.214537996,-97.7508437634
1657	30.3097692027,-97.7312760441
1658	30.31101268,-97.73295187
1659	30.31439469,-97.7282810211
1660	30.3743561908,-97.7554893494
1661	30.3788973167,-97.7801463167
1662	30.4479707412,-97.7333879471
1663	30.22293265,-97.7697281667
1664	30.2103709333,-97.80403115
1665	30.1855516663,-97.7316498756
1666	30.1947765167,-97.7680122
1667	30.189704895,-97.7718963623
1668	30.1677563833,-97.7902201667
1669	30.2000922613,-97.8867030144
1670	30.198891,-97.8851680167
1671	30.2083433833,-97.8646256
1672	30.20107185,-97.86026227
1673	30.4377486333,-97.7751248833
1674	30.2310765923,-97.7575385571
1675	30.2327822086,-97.756202817
1676	30.231085862,-97.7524960041
1677	30.2275997,-97.7535168833
1678	30.2308402138,-97.7561974525
1679	30.2316976625,-97.7578657866
1680	30.2386404044,-97.87992239
1681	30.2134537667,-97.8627991667
1682	30.1526327167,-97.8327245667
1683	30.39581757,-97.74305343
1684	30.3954302785,-97.7431082726
1685	30.295919993,-97.828869413
1686	30.3413431167,-97.9685388698
1687	30.189159733,-97.74451065
1688	30.249979083,-97.679833933
1689	30.2078856184,-97.7583968639
1690	30.3694456816,-97.7580803633
1691	30.3445119733,-97.7468419075
1692	30.1206631607,-97.6349240541
1693	30.3374540299,-97.7552318573
1694	30.32702243,-97.73299854
1695	30.32632708,-97.73345029
1696	30.32525718,-97.7319796
1697	30.3267971667,-97.7370163333
1698	30.33599465,-97.75165165
1699	30.3437666193,-97.7442602813
1700	30.3072706,-97.72348015
1701	30.3543792778,-97.7364349365
1702	30.3513981281,-97.7523565292
1703	30.3707161237,-97.7360218763
1704	30.3726784667,-97.7400321167
1705	30.37454605,-97.73840585
1706	30.36827719,-97.73030579
1707	30.3743099098,-97.6802641153
1708	30.3532834667,-97.72544385
1709	30.39681649,-97.73122978
1710	30.394241333,-97.7312545776
1711	30.3352420833,-97.70051845
1712	30.372309,-97.73378
1713	30.3788886333,-97.7403538667
1714	30.374664307,-97.735417385
1715	30.3513219333,-97.7148275667
1716	30.4105834961,-97.7102584764
1717	30.4105830902,-97.71025109
1718	30.3446485438,-97.7498245239
1719	30.344456827,-97.746898901
1720	30.3420177333,-97.7544428
1721	30.30792075,-97.7474832
1722	30.309132333,-97.757524917
1723	30.3590730156,-97.7296328545
1724	30.37031471,-97.73722261
1725	30.2851135493,-97.7121073008
1726	30.3101928345,-97.7334491636
1727	30.43091958,-97.76818388
1728	30.428900783,-97.76339565
1729	30.4305555167,-97.7660449333
1730	30.3346546667,-97.7537120167
1731	30.3129768,-97.75613645
1732	30.3539665833,-97.7347405667
1733	30.3630543833,-97.7636800667
1734	30.36032695,-97.7633220333
1735	30.3461346894,-97.7509800944
1736	30.34600234,-97.75088316
1737	30.2943818303,-97.8235888747
1738	30.401349579,-97.66989843
1739	30.4012926387,-97.6703855395
1740	30.339177695,-97.71731987
1741	30.4746260615,-97.8000059386
1742	30.4401856,-97.8333360333
1743	30.4105967358,-97.8493988514
1744	30.2336454333,-97.7425932833
1745	30.3176043667,-97.71640065
1746	30.3179275565,-97.7164946934
1747	30.165699738,-97.826749602
1748	30.4345107,-97.7714967667
1749	30.3734477667,-97.72129585
1750	30.4512393,-97.766746033
1751	30.2288681833,-97.7452663667
1752	30.4585335333,-97.6914621
1753	30.4030605394,-97.7436210404
1754	30.2886340475,-97.7309632301
1755	30.2189426,-97.79576015
1756	30.2036286371,-97.7614067835
1757	30.3303982346,-97.7133138644
1758	30.1407562,-97.8277148833
1759	30.3939677,-97.9089691167
1760	30.1909489999,-97.8453326225
1761	30.2295192646,-97.8619623184
1762	30.36871761,-97.73590749
1763	30.2853451649,-97.7139151096
1764	30.2850579614,-97.7150738239
1765	30.2766053333,-97.7121102
1766	30.28411513,-97.71696025
1767	30.2754497167,-97.7155093167
1768	30.2358953833,-97.8551653333
1769	30.28229035,-97.71342255
1770	30.2775892,-97.716013783
1771	30.2808468167,-97.7135752833
1772	30.2807145833,-97.7158376
1773	30.2146107301,-97.7532347213
1774	30.2065481349,-97.7736291289
1775	30.2366568139,-97.7048492432
1776	30.250155,-97.68107
1777	30.22156455,-97.7734222833
1778	30.4269831667,-97.7575276833
1779	30.2534592,-97.7832629333
1780	30.2533854333,-97.7854986333
1781	30.2618413,-97.7733042
1782	30.25449765,-97.6806694833
1783	30.4795932947,-97.6781123105
1784	30.2286940813,-97.7872627974
1785	30.2169495276,-97.8509836966
1786	30.1943915,-97.7769187333
1787	30.1750708667,-97.7885477167
1788	30.20519555,-97.7757030833
1789	30.2035163167,-97.7732852167
1790	30.3492023167,-97.80048655
1791	30.2558410333,-97.7217551667
1792	30.29658657,-97.82602745
1793	30.2823071522,-97.7320993973
1794	30.40928083,-97.7157045
1795	30.40763139,-97.72025799
1796	30.235868928,-97.8564691544
1797	30.378997623,-97.751472407
1798	30.2448319153,-97.7640724182
1799	30.3086853027,-97.7466049194
1800	30.309074886,-97.743836038
1801	30.3093153167,-97.74373905
1802	30.3088636167,-97.7472280167
1803	30.2346917221,-97.9112935066
1804	30.2384392,-97.90516365
1805	30.4889488,-97.7630834333
1806	30.2887130333,-97.8229702667
1807	30.48363935,-97.7346242
1808	30.305659317,-97.7962251
1809	30.30432456,-97.79512345
1810	30.2709231167,-97.8188918167
1811	30.339173922,-97.79840906
1812	30.27413755,-97.78578265
1813	30.29636019,-97.82619976
1814	30.2055838629,-97.7583470763
1815	30.409501151,-97.704908514
1816	30.3957264125,-97.7346539497
1817	30.2795453454,-97.6481151581
1818	30.2723730333,-97.6906012
1819	30.2388644667,-97.7878211833
1820	30.3394938833,-97.6979551667
1821	30.23130045,-97.7409758833
1822	30.209142,-97.804566
1823	30.2674813641,-97.7065443993
1824	30.3936193,-97.6953513833
1825	30.31000536,-97.75793552
1826	30.30893546,-97.75698798
1827	30.40714722,-97.67425018
1828	30.4069444444,-97.6788888889
1829	30.341131417,-97.672521083
1830	30.19433951,-97.77588152
1831	30.2149459321,-97.7535152435
1832	30.2330324867,-97.7398359776
1833	30.4796028828,-97.672459659
1834	30.4741439819,-97.6748275757
1835	30.3587709,-97.7597854
1836	30.2235863618,-97.7465683222
1837	30.4807841667,-97.7870535833
1838	30.159543873,-97.7922999859
1839	30.1530965149,-97.7870200574
1840	30.2567070723,-97.7283024788
1841	30.1524978876,-97.7803480625
1842	30.3663021667,-97.73058095
1843	30.36707895,-97.7297419167
1844	30.1851511002,-97.7728110552
1845	30.1878886924,-97.7222299576
1846	30.5004445548,-97.7767233704
1847	30.335538294,-97.7542918755
1848	30.44528555,-97.76985285
1849	30.45551505,-97.7628210667
1850	30.3548180667,-97.71473
1851	30.2384465933,-97.7919888496
1852	30.2795523,-97.6821888
1853	30.4095604207,-97.7305340767
1854	30.3049029022,-97.7578945115
1855	30.2585309744,-97.7146714926
1856	30.3054728419,-97.6916510582
1857	30.314134167,-97.76148175
1858	30.2924994167,-97.73571675
1859	30.2219617333,-97.7808094
1860	30.47026175,-97.78946465
1861	30.4413192,-97.747732
1862	30.4420708667,-97.7437761
1863	30.4665929377,-97.7653637414
1864	30.4415569769,-97.7737951694
1865	30.4463798625,-97.7788996696
1866	30.4483015667,-97.7892831
1867	30.1941942,-97.9242258833
1868	30.5049023333,-97.7518532833
1869	30.44711055,-97.7887339167
1870	30.2005255222,-97.7987748384
1871	30.2182669333,-97.8363827167
1872	30.2149395833,-97.7995784667
1873	30.1735156775,-97.7975785732
1874	30.3173947333,-97.7352333
1875	30.308244616,-97.7367460728
1876	30.2334310766,-97.7423250675
1877	30.283844286,-97.7311992645
1878	30.3985488944,-97.7213823795
1879	30.3445652127,-97.715036273
1880	30.3046692449,-97.7069306374
1881	30.231000933,-97.793637683
1882	30.3470049833,-97.8019257167
1883	30.3818719336,-97.8848254681
1884	30.46802067,-97.80097991
1885	30.38944795,-97.8452216667
1886	30.2597101833,-97.6918151333
1887	30.393186,-97.732652
1888	30.2454827,-97.69141115
1889	30.2373432,-97.6862771333
1890	30.2122211667,-97.6572636167
1891	30.2087618109,-97.7487301826
1892	30.3666558,-97.7251040667
1893	30.4092911167,-97.71589895
1894	30.4178136245,-97.7415955067
1895	30.3234481812,-97.7161941528
1896	30.4115682711,-97.7292358875
1897	30.2816091383,-97.750132978
1898	30.3517468505,-97.7282983566
1899	30.3399079398,-97.7299911144
1900	30.24116986,-97.82241302
1901	30.2075982667,-97.7564261
1902	30.2180610243,-97.6621377468
1903	30.3543650167,-97.7295311667
1904	30.373967717,-97.6520379
1905	30.3728125,-97.64875665
1906	30.37662175,-97.6771976667
1907	30.3662221,-97.7191434
1908	30.3745935833,-97.6719110333
1909	30.3931536161,-97.8425784069
1910	30.4556717667,-97.8244286167
1911	30.30822645,-97.711224483
1912	30.273434667,-97.772141533
1913	30.2917002692,-97.8263569567
1914	30.3235112119,-97.710767359
1915	30.254912,-97.70629725
1916	30.4994067833,-97.7773719
1917	30.3282063,-97.73520141
1918	30.4038276833,-97.6852271333
1919	30.2450543575,-97.7137756348
1920	30.2486079833,-97.7108559
1921	30.2484890833,-97.7108617833
1922	30.3658716667,-97.7396485167
1923	30.3289709283,-97.742765941
1924	30.3948223965,-97.7536775248
1925	30.23744815,-97.88798255
1926	30.3730749568,-97.7562260087
1927	30.4200254667,-97.7300481833
1928	30.4199580833,-97.73021435
1929	30.2937088833,-97.62031225
1930	30.2639349,-97.7842629167
1931	30.2766985833,-97.7296435833
1932	30.4099397873,-97.714805603
1933	30.3392503931,-97.6898288727
1934	30.2151128145,-97.742357254
1935	30.2924971858,-97.7377331257
1936	30.2153002333,-97.7445530333
1937	30.2913299226,-97.7385699749
1938	30.3009538167,-97.6961768
1939	30.3522716167,-97.8117046833
1940	30.2717437696,-97.7103638649
1941	30.36380895,-97.7142652333
1942	30.3845606333,-97.7377953
1943	30.3430039,-97.7253244
1944	30.386293112,-97.7358642761
1945	30.2158452397,-97.8152167797
1946	30.2190936333,-97.8066965667
1947	30.20759815,-97.84741085
1948	30.2276544,-97.8305609
1949	30.2351491167,-97.8626662833
1950	30.3426404758,-97.7255438268
1951	30.22956883,-97.77172696
1952	30.2112157163,-97.7573351387
1953	30.2800108,-97.7529669167
1954	30.3054751042,-97.8249371052
1955	30.2817318991,-97.7387523651
1956	30.1698464833,-97.7833088833
1957	30.153830017,-97.837909867
1958	30.150203733,-97.843697783
1959	30.16005645,-97.7905544167
1960	30.1493763366,-97.8341960907
1961	30.2832003834,-97.7101975679
1962	30.3934891,-97.7477807667
1963	30.249025367,-97.812831683
1964	30.2442215333,-97.8100239333
1965	30.3210537476,-97.7731382847
1966	30.3430392,-97.7494151667
1967	30.3274261833,-97.7479362333
1968	30.3462751833,-97.715027
1969	30.379428455,-97.7311992645
1970	30.334791,-97.8064164
1971	30.3831446167,-97.8844164667
1972	30.3899765667,-97.8714760667
1973	30.2574934667,-97.6952569667
1974	30.2171269705,-97.7679240704
1975	30.197714913,-97.767473815
1976	30.2204227667,-97.7649073167
1977	30.3507714,-97.7215918
1978	30.497846,-97.77469335
1979	30.4715736,-97.8011185167
1980	30.3128031226,-97.718964724
1981	30.4868174221,-97.77100796
1982	30.4469433333,-97.7886762167
1983	30.2734829667,-97.7461739333
1984	30.28720485,-97.698541917
1985	30.25995595,-97.7413763667
1986	30.2711130833,-97.791235
1987	30.3128942557,-97.8543448448
1988	30.335468,-97.760529
1989	30.32089072,-97.70721811
1990	30.2262237667,-97.8195941448
1991	30.3191395333,-97.69820315
1992	30.3128196496,-97.704687777
1993	30.3734583356,-97.6807522774
1994	30.3201379833,-97.6899750333
1995	30.3339566846,-97.7166812927
1996	30.363820241,-97.714843422
1997	30.4130301822,-97.8834414482
1998	30.4116752167,-97.8802601333
1999	30.359635759,-97.7465669536
2000	30.2457554351,-97.8060617895
2001	30.4042801758,-97.6632762281
2002	30.4102982,-97.66881205
2003	30.49831845,-97.7636467
2004	30.4994070465,-97.7773852384
2005	30.2287349451,-97.8628335887
2006	30.3496667977,-97.7157926559
2007	30.3613195196,-97.7077678998
2008	30.3490931667,-97.7172147833
2009	30.3304040667,-97.7228237667
2010	30.3642778,-97.7161545667
2011	30.36382037,-97.6877644
2012	30.2284164429,-97.8856048584
2013	30.3792490667,-97.7240472333
2014	30.3691881895,-97.7898001671
2015	30.266926521,-97.706629977
2016	30.3845316253,-97.7363493773
2017	30.264350283,-97.764009483
2018	30.445290167,-97.947175567
2019	30.39227385,-97.905957933
2020	30.31178307,-97.73231649
2021	30.3230844621,-97.7106307549
2022	30.3911361694,-97.7457351685
2023	30.401846388,-97.736538838
2024	30.3342942167,-97.8080497333
2025	30.42671787,-97.79017883
2026	30.3082686833,-97.9382684
2027	30.30017935,-97.7690446167
2028	30.2009615167,-97.8758918333
2029	30.2598572198,-97.7847978473
2030	30.24941315,-97.7951246333
2031	30.2481958167,-97.79665885
2032	30.2415322963,-97.7912378311
2033	30.2440719005,-97.8109171987
2034	30.2587990333,-97.7444570667
2035	30.4874866833,-97.7360839
2036	30.19066381,-97.86782735
2037	30.3897356667,-97.71728795
2038	30.4053814705,-97.7246107357
2039	30.2830660435,-97.7344179153
2040	30.2896924884,-97.728471458
2041	30.4450479442,-97.8687429428
2042	30.4426429833,-97.759553
2043	30.34571659,-97.80084502
2044	30.2507264644,-97.8624129295
2045	30.21510045,-97.840366883
2046	30.4382493273,-97.7588474751
2047	30.3557433333,-97.80154565
2048	30.4790016667,-97.6716637167
2049	30.489843083,-97.759673733
2050	30.314729554,-97.739872732
2051	30.4505655667,-97.79005715
2052	30.44114702,-97.74510115
2053	30.35223125,-97.716372
2054	30.2368022167,-97.7904562
2055	30.2396782167,-97.8318782833
2056	30.2593763,-97.70678925
2057	30.3297067,-97.7573403667
2058	30.37004475,-97.8000191
2059	30.3162355333,-97.7131245167
2060	30.2359187504,-97.8337602317
2061	30.3515070833,-97.7313957333
2062	30.3081039833,-97.7180321
2063	30.1935659,-97.8431214167
2064	30.3693906,-97.7337750333
2065	30.2540138,-97.6972689
2066	30.2745420308,-97.7446961403
2067	30.4086887833,-97.7257144
2068	30.4443819782,-97.7508330345
2069	30.4456029124,-97.7337419987
2070	30.3473013639,-97.7525603771
2071	30.35993397,-97.73139101
2072	30.27453315,-97.76883945
2073	30.32957905,-97.76072575
2074	30.2826395,-97.7101019
2075	30.3557587231,-97.7350616455
2076	30.4532981457,-97.6726412773
2077	30.5056373,-97.7005024667
2078	30.1987071,-97.88766275
2079	30.252541,-97.776822183
2080	30.1608147413,-97.790197134
2081	30.31990391,-97.71125161
2082	30.3123561167,-97.7016224333
2083	30.3113919497,-97.6996135712
2084	30.305817824,-97.7013301849
2085	30.3180715831,-97.7086794376
2086	30.3271970188,-97.7062367659
2087	30.25164133,-97.72937625
2088	30.3674082333,-97.73343125
2089	30.2144450167,-97.74923065
2090	30.3442390881,-97.7686428552
2091	30.3292899,-97.70926695
2092	30.4072864167,-97.7325069
2093	30.461340817,-97.816770433
2094	30.2269329338,-97.7846181393
2095	30.2200703333,-97.7227441333
2096	30.2555522022,-97.7298909999
2097	30.3266452167,-97.6915436833
2098	30.2636821076,-97.7858197689
2099	30.238580638,-97.792169693
2100	30.2600928833,-97.7415503667
2101	30.2280697167,-97.76891765
2102	30.2170504843,-97.7433013916
2103	30.22126765,-97.7621240833
2104	30.22247225,-97.75687932
2105	30.217824105,-97.7539258452
2106	30.2183596,-97.7577665333
2107	30.2813427702,-97.7742674947
2108	30.2540921167,-97.69714575
2109	30.2572212,-97.6787755
2110	30.261033,-97.7103037667
2111	30.312114655,-97.773222477
2112	30.3950598167,-97.8328932333
2113	30.2297362333,-97.8879492167
2114	30.3594776833,-97.7923001
2115	30.3515147,-97.7958839
2116	30.254877603,-97.718187542
2117	30.3174787,-97.73066205
2118	30.2975448,-97.6585620667
2119	30.2568392833,-97.79201035
2120	30.1507492065,-97.8338165283
2121	30.3876172,-97.6839055833
2122	30.3198775631,-97.6886701584
2123	30.2645068368,-97.6572346687
2124	30.2290530333,-97.7827451667
2125	30.2807712,-97.7464845667
2126	30.440117838,-97.7533569932
2127	30.2308559418,-97.8021919727
2128	30.2924554981,-97.7244132757
2129	30.2759607297,-97.8164264398
2130	30.3358073667,-97.7176223333
2131	30.3282738833,-97.7007880333
2132	30.41546765,-97.7070240333
2133	30.4244549667,-97.7143445833
2134	30.4069140664,-97.7189469337
2135	30.3317438,-97.7288484
2136	30.2576279,-97.73821264
2137	30.1773701333,-97.8214024833
2138	30.3206086667,-97.7058980667
2139	30.4031526037,-97.8525584936
2140	30.2326918302,-97.7406996489
2141	30.2373681833,-97.7518189833
2142	30.35943001,-97.78105473
2143	30.2589192667,-97.7839492
2144	30.3800902,-97.7297909
2145	30.1951495,-97.855111617
2146	30.322159417,-97.730271767
2147	30.3507315232,-97.8699982166
2148	30.25857465,-97.7957595333
2149	30.2271288656,-97.7806182373
2150	30.2965826,-97.8530451
2151	30.1724837008,-97.8046059608
2152	30.1675213153,-97.7842319012
2153	30.4522535333,-97.7561899167
2154	30.4454486,-97.7775582
2155	30.3846235167,-97.6940740167
2156	30.3342686451,-97.9667401314
2157	30.2203193167,-97.7635293
2158	30.2373453833,-97.7382792333
2159	30.3803002333,-97.7694288333
2160	30.374446692,-97.688444465
2161	30.3009271412,-97.6913327271
2162	30.3096259833,-97.7153374333
2163	30.3513941,-97.6926196
2164	30.226597567,-97.741432967
2165	30.2985194833,-98.007262
2166	30.2474268167,-97.7112883833
2167	30.30130545,-97.74301485
2168	30.24289852,-97.7623915
2169	30.2002845333,-97.7634203167
2170	30.3928483004,-97.7090863421
2171	30.3884086,-97.68408765
2172	30.3842461,-97.7233710833
2173	30.3760686341,-97.6895554313
2174	30.2306270092,-97.7914202213
2175	30.4486732904,-97.7907148136
2176	30.22111805,-97.7656971833
2177	30.3495709536,-97.7532312279
2178	30.352232,-97.7550824
2179	30.3714923,-97.7247408333
2180	30.3243784762,-97.6882195473
2181	30.3572955319,-97.738417089
2182	30.402795,-97.730352
2183	30.2750458,-97.7484206833
2184	30.243984601,-97.754092382
2185	30.297378176,-97.771029309
2186	30.142561,-97.8334861667
2187	30.3096916167,-97.70817035
2188	30.4453161792,-97.8044128418
2189	30.3232370333,-97.7534539667
2190	30.2700881333,-97.8284410167
2191	30.2892449,-97.6941653
2192	30.2305757,-97.86399845
2193	30.3800739545,-97.8527618944
2194	30.2764574833,-97.7535571667
2195	30.3464092,-97.7351379833
2196	30.4299330957,-97.7393746376
2197	30.202724,-97.7703052833
2198	30.2219724655,-97.761272192
2199	30.199643531,-97.7695858942
2200	30.22165335,-97.7642568
2201	30.38881981,-97.84657585
2202	30.395276,-97.846524
2203	30.3456079,-97.7373791
2204	30.2471311333,-97.7812906833
2205	30.27112245,-97.79405885
2206	30.471043683,-97.766773517
2207	30.46974555,-97.7665265
2208	30.2315560667,-97.8197087333
2209	30.2608813667,-97.7044822833
2210	30.33802855,-97.7039171667
2211	30.17389625,-97.81717169
2212	30.2365641217,-97.7842855453
2213	30.4961514667,-97.7752599167
2214	30.4866863167,-97.7703748667
2215	30.2262045833,-97.94949905
2216	30.3948565164,-97.7554035187
2217	30.351971698,-97.720466003
2218	30.344993383,-97.753347967
2219	30.2315448167,-97.7655419167
2220	30.24128335,-97.82262456
2221	30.2031455167,-97.9850640333
2222	30.2141115156,-97.7679026127
2223	30.2155392906,-97.7675914764
2224	30.237101771,-97.796303217
2225	30.2478132333,-97.7130477167
2226	30.277518247,-97.733338534
2227	30.23586064,-97.70791333
2228	30.2120077667,-97.832004
2229	30.4287451116,-97.7396492792
2230	30.2231970026,-97.6929402351
2231	30.4533629167,-97.8285911333
2232	30.2254084239,-97.7270356777
2233	30.36190909,-97.84095865
2234	30.448040223,-97.757223832
2235	30.4816053,-97.8050855133
2236	30.40119135,-97.7541972167
2237	30.238519907,-97.7131855488
2238	30.1726245,-97.78573135
2239	30.2133016167,-97.73670375
2240	30.29060837,-97.719881323
2241	30.27516345,-97.8024983667
2242	30.1989455667,-97.7726909667
2243	30.2407104728,-97.7352081736
2244	30.312404367,-97.7868654
2245	30.2737544488,-97.7346432209
2246	30.2360079672,-97.7236998081
2247	30.13699415,-97.79582105
2248	30.1534397661,-97.7860021591
2249	30.4712301493,-97.7728003263
2250	30.4731623569,-97.7746725082
2251	30.3390846333,-97.69366945
2252	30.4515180167,-97.7601168
2253	30.2534175224,-97.7436801103
2254	30.27656575,-97.74446515
2255	30.3500140833,-97.75636195
2256	30.1854836941,-97.812808156
2257	30.3390035,-97.7400415
2258	30.341522186,-97.77911087
2259	30.4144550619,-97.6903867722
2260	30.49913765,-97.7624184667
2261	30.2533671167,-97.7805614333
2262	30.2841175959,-97.8127276897
2263	30.249805483,-97.7831543
2264	30.23388375,-97.79985485
2265	30.3753968349,-97.7610311797
2266	30.4029679298,-97.7145588398
2267	30.3690109253,-97.7886581421
2268	30.339410305,-97.6463288069
2269	30.320316817,-97.719030867
2270	30.32556259,-97.67389857
2271	30.1967470945,-97.8982231021
2272	30.2422470167,-97.8309756333
2273	30.356397783,-97.762375333
2274	30.35648725,-97.7626504667
2275	30.3256698667,-97.67334465
2276	30.1676487833,-97.7943586667
2277	30.253837367,-97.7797485
2278	30.3320715088,-97.7589684509
2279	30.3774242667,-97.6359941833
2280	30.27583675,-97.9144649667
2281	30.1609817155,-97.8354942799
2282	30.23873505,-97.78357725
2283	30.3962612333,-97.7071159333
2284	30.42059701,-97.7045933
2285	30.200237422,-97.7835064501
2286	30.2002373485,-97.7835065703
2287	30.2123931,-97.7520347
2288	30.28343665,-97.751248533
2289	30.3677542167,-97.6994219667
2290	30.3277729,-97.7247397
2291	30.4536218501,-97.7206742764
2292	30.4372225562,-97.7645874023
2293	30.43090445,-97.6855290167
2294	30.41455179,-97.76803821
2295	30.2390788,-97.8488456
2296	30.4356925907,-97.7791688607
2297	30.2950328,-97.7174280167
2298	30.3972271,-97.7102157667
2299	30.1439283167,-97.8335559167
2300	30.1464260706,-97.8337240219
2301	30.337622993,-97.726031537
2302	30.32777267,-97.71817731
2303	30.31084733,-97.7055037022
2304	30.3177459,-97.6918373167
2305	30.2516135833,-97.86342565
2306	30.2775091667,-97.9153377667
2307	30.4335918167,-97.8313150167
2308	30.4513079,-97.7904577833
2309	30.44877898,-97.79080718
2310	30.2480992167,-97.8445156333
2311	30.2247405052,-97.7758312225
2312	30.2338707447,-97.7895158529
2313	30.229932,-97.77222
2314	30.25898212,-97.71582555
2315	30.1744866371,-97.769485116
2316	30.3650466167,-97.7192022333
2317	30.34078258,-97.70172327
2318	30.4096208167,-97.6679502167
2319	30.4358997631,-97.6703131199
2320	30.2622253167,-97.7108597833
2321	30.3083216075,-97.7268169364
2322	30.274793033,-97.706247267
2323	30.1430210942,-97.7936303616
2324	30.223525563,-97.771422119
2325	30.2738749029,-97.6634144783
2326	30.301521117,-97.741937183
2327	30.1721034147,-97.8284883499
2328	30.2393981439,-97.8985127807
2329	30.23007345,-97.8397634
2330	30.3872876833,-97.9119237833
2331	30.222434755,-97.771943325
2332	30.3834265,-97.6987733333
2333	30.4444724321,-97.7453613281
2334	30.4419457912,-97.743832469
2335	30.3482718457,-97.801478653
2336	30.2609017167,-97.7206399667
2337	30.4401286833,-97.7814490667
2338	30.3229629993,-97.7036690712
2339	30.35875835,-97.7173502333
2340	30.3213653833,-97.70206605
2341	30.2584323,-97.7875706
2342	30.3689411658,-97.893204689
2343	30.3642479015,-97.8997278214
2344	30.36973154,-97.75249987
2345	30.2855800667,-97.7668930167
2346	30.4074044802,-97.7163720131
2347	30.4344862667,-97.71414205
2348	30.3125507667,-97.67685615
2349	30.1963860667,-97.8308435833
2350	30.316566743,-97.691404485
2351	30.4350949781,-97.7295684814
2352	30.3612051,-97.7297421
2353	30.4032924833,-97.6860231167
2354	30.3895721938,-97.7383983135
2355	30.3494203091,-97.7404797077
2356	30.355063533,-97.7984573
2357	30.2919969319,-97.6622343063
2358	30.3425477833,-97.6924757667
2359	30.300209,-97.7650098
2360	30.3491101484,-97.8007148961
2361	30.3345908833,-97.7478673
2362	30.3326573936,-97.7360057831
2363	30.3605997562,-97.685816288
2364	30.2792456,-97.710885263
2365	30.3427319103,-97.6990664005
2366	30.2975139,-97.83610886
2367	30.272089083,-97.872188517
2368	30.26164484,-97.87479734
2369	30.315610333,-97.782761333
2370	30.27753281,-97.80750197
2371	30.2741929167,-97.8490962833
2372	30.29510933,-97.76852512
2373	30.4444444444,-97.7816666667
2374	30.2509939671,-97.8701323271
2375	30.3249394833,-97.6993439833
2376	30.2056460203,-97.7582666704
2377	30.4379533224,-97.6703774929
2378	30.3156713667,-97.7085343333
2379	30.3793895292,-97.7223365964
2380	30.2165962015,-97.722659111
2381	30.444043351,-97.775140104
2382	30.4761797167,-97.7695151167
2383	30.4825,-97.75944
2384	30.476764063,-97.765178733
2385	30.4020322583,-97.6745869701
2386	30.23917937,-97.72310584
2387	30.37039725,-97.6644288
2388	30.3569741333,-97.7858013
2389	30.424594246,-97.693875222
2390	30.373360775,-97.969702267
2391	30.3017214,-97.6879316333
2392	30.3608679667,-97.6777911167
2393	30.1856654484,-97.771236178
2394	30.3337315642,-97.8606534004
2395	30.2762057259,-97.8165479362
2396	30.3076753333,-97.9238728667
2397	30.2154922333,-97.8709530667
2398	30.2357576966,-97.8540766239
2399	30.191171564,-97.8814888
2400	30.452721,-97.8266608333
2401	30.3562023833,-97.6848196167
2402	30.4297989571,-97.764198482
2403	30.4119430036,-97.9263246059
2404	30.4469255738,-97.8383374214
2405	30.2956759,-97.7691116333
2406	30.4654713,-97.8042653167
2407	30.421945167,-97.931909517
2408	30.3561568145,-97.7981901169
2409	30.243855146,-97.819354302
2410	30.205716569,-97.807622153
2411	30.3459031314,-97.7106562257
2412	30.2772475585,-97.666053772
2413	30.2008641833,-97.87650205
2414	30.3778970167,-97.7248305833
2415	30.2366169167,-97.7408352833
2416	30.4224025479,-97.7557468414
2417	30.293039733,-97.775457267
2418	30.28810015,-97.788074417
2419	30.2544287833,-97.798669
2420	30.28868174,-97.789121235
2421	30.25060814,-97.80570495
2422	30.320065277,-97.9531715715
2423	30.3925428,-97.88401885
2424	30.3976142455,-97.7295577526
2425	30.2674505729,-97.7302063648
2426	30.3523783,-97.7299144167
2427	30.4179883003,-97.7128583193
2428	30.36572593,-97.73652499
2429	30.309536757,-97.751350308
2430	30.3691875545,-97.7422561297
2431	30.238648833,-97.839509933
2432	30.2544937333,-97.7302605333
2433	30.4784498333,-97.6751861333
2434	30.3205173582,-97.7357458277
2435	30.2314195719,-97.7957063913
2436	30.231752,-97.802416
2437	30.22702613,-97.783406075
2438	30.2949285507,-97.7142047882
2439	30.197490626,-97.899182941
2440	30.329221097,-97.6738279112
2441	30.192479118,-97.9834663868
2442	30.3259831667,-97.7208781242
2443	30.35100875,-97.7204028667
2444	30.294886225,-97.70252302
2445	30.3642348,-97.77145624
2446	30.198316615,-97.98949895
2447	30.3873682022,-97.8476393223
2448	30.2344291,-97.7853466
2449	30.307648121,-97.921219103
2450	30.42877602,-97.7694036
2451	30.3822036333,-97.81732785
2452	30.39075064,-97.8288123
2453	30.226507102,-97.87329119
2454	30.410916367,-97.696746233
2455	30.213182065,-97.8660958491
2456	30.395986814,-97.710253199
2457	30.2109473833,-97.8153533167
2458	30.2294974833,-97.8012226833
2459	30.3803885656,-97.7247449655
2460	30.2196092626,-97.7417832613
2461	29.951126974,-98.064994812
2462	30.4260476277,-97.6938951015
2463	30.378502042,-97.777712037
2464	30.3431342833,-97.9665211333
2465	30.3996509288,-97.7303511023
2466	30.3986282329,-97.7046330776
2467	30.1730865904,-97.8564691544
2468	30.159146717,-97.796518233
2469	30.439504981,-97.7462571859
2470	30.40256547,-97.69094568
2471	30.4166503333,-97.7267664833
2472	30.482341,-97.757993
2473	30.438646,-97.780214
2474	30.3895853,-97.7586546167
2475	30.2997413178,-97.6707422733
2476	30.4203043333,-97.7236640833
2477	30.2003611679,-97.7846610546
2478	30.37422635,-97.7599435833
2479	30.26900675,-97.79375054
2480	30.34924705,-97.72776305
2481	30.3781293,-97.74852995
2482	30.391285267,-97.77499735
2483	30.456235367,-97.794863817
2484	30.295137763,-97.7390259504
2485	30.433374381,-97.694388628
2486	30.4494371806,-97.6955519378
2487	30.4126021167,-97.6936026
2488	30.498245728,-97.760370953
2489	30.498267379,-97.760305768
2490	30.3298116757,-97.6596332464
2491	30.4474792487,-97.6874389286
2492	30.4536885023,-97.7735137939
2493	30.4512047768,-97.7918171883
2494	30.3894981557,-97.9318284988
2495	30.3559193833,-97.7187215667
2496	30.4408836365,-97.7481400967
2497	30.4438394308,-97.7756863832
2498	30.4175484667,-97.6635688667
2499	30.3876934603,-97.6509690285
2500	30.1682077333,-97.8512431
2501	30.2619498564,-97.7879719021
2502	30.229964,-97.758484
2503	30.147107167,-97.738265167
2504	30.15968382,-97.74355775
2505	30.3186766667,-97.6771411
2506	30.3892440796,-97.7116012573
2507	30.39212411,-97.83599185
2508	30.2980823,-97.8294442667
2509	30.4285180417,-97.7561807763
2510	30.25307714,-97.89101222
2511	30.2913484507,-97.7436232567
2512	30.1817411667,-97.8347074
2513	30.1682795333,-97.8511811667
2514	30.259794033,-97.875623333
2515	30.2161037922,-97.8284454346
2516	30.421018794,-97.709574296
2517	30.2585215167,-97.6938012833
2518	30.2390111645,-97.8662109375
2519	30.4138094187,-97.7097254992
2520	30.4270863533,-97.8394049406
2521	30.49893125,-97.7722173333
2522	30.23821145,-97.71107365
2523	30.243735399,-97.819401934
2524	30.302867584,-98.013063564
2525	30.4329118497,-97.7462947369
2526	30.4144853354,-97.7691578865
2527	30.4479056597,-97.8130495548
2528	30.3571665287,-97.7515304089
2529	30.2744042873,-97.7809756994
2530	43.6762991942,-92.9755997658
2531	30.35726875,-97.7385172833
2532	30.310845,-97.721569
2533	30.4045500027,-97.7259980904
2534	30.2096068269,-97.8209035781
2535	30.4397571087,-97.6918941736
2536	30.3245451727,-97.6283204556
2537	30.3654580667,-97.7441535333
2538	30.443529583,-97.79868345
2539	30.46848952,-97.69058382
2540	30.4327194333,-97.7316895333
2541	30.4455700167,-97.80608025
2542	30.1982767167,-97.7818044333
2543	30.1840255833,-97.7717133833
2544	30.2468044833,-97.8640841833
2545	30.3291384762,-97.6590263844
2546	30.4822718667,-97.7633687
2547	30.4965801167,-97.7952752333
2548	30.1935854157,-97.8918977629
2549	30.1929616833,-97.8849220167
2550	30.18963283,-97.90018868
2551	30.2552931,-97.796119283
2552	30.4339423667,-97.67565155
2553	30.4135205652,-97.6759886742
2554	30.2574336,-97.706412917
2555	30.309302,-97.920922233
2556	30.2567499876,-97.7515625954
2557	30.2224714,-97.7847694
2558	30.22504415,-97.7332802667
2559	30.3143357,-97.7109145167
2560	30.21003502,-97.75073879
2561	30.3153439667,-97.66833255
2562	30.2166796414,-97.7811956406
2563	30.25349685,-97.82395695
2564	30.4422656667,-97.68895975
2565	30.3292152333,-97.7353544333
2566	30.288530653,-97.784051401
2567	30.2039245833,-97.8712429
2568	30.2994059833,-97.7362947833
2569	30.2814307876,-97.7207386494
2570	30.142933383,-97.732042367
2571	30.16508725,-97.73980915
2572	30.2311456203,-97.7011209726
2573	30.3910911083,-97.7571898699
2574	30.2830624993,-97.8260632894
2575	30.1803214833,-97.8380403
2576	30.353808403,-97.6877635717
2577	30.3523426,-97.69195091
2578	30.4298301,-97.7492816333
2579	30.36933385,-97.700847083
2580	30.3872677324,-97.7684497833
2581	30.410499977,-97.741951017
2582	30.3297865391,-97.7137756348
2583	30.293011131,-97.870443079
2584	30.431035233,-97.748643833
2585	30.4232934667,-97.7205842
2586	30.33475,-97.703151
2587	30.252034433,-97.800140733
2588	30.159457,-97.777831
2589	30.3173937,-97.7583382167
2590	30.196768667,-97.828800833
2591	30.251587969,-97.760237825
2592	30.1525219333,-97.8445755333
2593	30.3920657167,-97.7107103667
2594	30.4310717167,-97.7284861
2595	30.227957,-97.774784
2596	30.4184799192,-97.6895828178
2597	30.2669670243,-97.7599483013
2598	30.3333846,-97.710810517
2599	30.290299867,-97.77244995
2600	30.2829952333,-97.8248709333
2601	30.4483934,-97.7806668333
2602	30.2195534,-97.7386929
2603	30.206258383,-97.8432619572
2604	30.3032294,-97.713586983
2605	30.337806344,-97.7163022757
2606	30.1685314333,-97.8393228833
2607	30.4045556,-97.7150657167
2608	30.259734,-97.727701
