0	1.3425079012590668,103.77547949552536
1	1.2951166230071296,103.82979380797455
2	1.2912643184570074,103.85025963763832
3	1.3549679196080873,103.83077244046652
4	1.3014933178030015,103.85932528618672
5	1.299065669833189,103.85549783706665
6	1.2940429999999998,103.85341387128734
7	1.2796406297376905,103.84369644790321
8	1.3010700795658439,103.83641995681762
9	1.3559485719379634,103.98674879649604
10	1.3011627224408366,103.8388492072034
11	1.2852185,103.8442234932804
12	1.3045739864995916,103.83104491265657
13	1.443226875326018,103.7853274851739
14	1.2897975,103.84508940228653
15	1.2886539663339653,103.84706017178861
16	1.2945834464275423,103.85958666909464
17	1.379185897834566,103.8490267276194
18	1.3037443718029573,103.80963947492052
19	1.30700599,103.82789522805305
20	1.3610414635674104,103.99004817008972
21	1.302041019799685,103.90564599999999
22	1.3323708587295164,103.84831705838394
23	1.264922460632672,103.81998404860497
24	1.436207767193288,103.78646314144135
25	1.296460012001439,103.848559
26	1.2895458069239973,103.85674238204956
27	1.339501890478594,103.70582624635523
28	1.2828805,103.85920799923706
29	1.2999390765777465,103.84504497332424
30	1.3498429677925707,103.85014189536285
31	1.2639411989439004,103.822465
32	1.3225999180561487,103.814029
33	1.3643966474330553,103.86580981681806
34	1.306225,103.83309754710186
35	1.3530065305327583,103.94464492813111
36	1.284898446671321,103.84293948026891
37	1.2862130021032585,103.82724140997956
38	1.293628488087092,103.83190918960571
39	1.2911685,103.8573457383879
40	1.2544920340675154,103.81417012764854
41	1.3726447084962903,103.94967803769076
42	1.2993322219573034,103.84757271828141
43	1.2830669378405064,103.85041236877441
44	1.2807499379136695,103.87097858973225
45	1.3731070784577857,103.93194813675643
46	1.2738369728420005,103.844882
47	1.3006004999999998,103.847324475
48	1.3548909801806976,103.98828347659222
49	1.3531117337828094,103.94330640808593
50	1.342706279971791,103.95319845
51	1.3028315,103.86421374434403
52	1.2960913494859225,103.8534015
53	1.296985066264675,103.89987079700671
54	1.2873734490122084,103.8036908555069
55	1.3026084764960857,103.83688699974519
56	1.429436913113124,103.83580891384796
57	1.294897,103.85850192178268
58	1.3002995520429228,103.84972659840393
59	1.3116771720942535,103.85650634765625
60	1.392079701503641,103.89461517333984
61	1.288552591613938,103.8051324148004
62	1.300381618403672,103.85195732116699
63	1.310709373346389,103.79543439465904
64	1.309777958176569,103.85572560256004
65	1.281330058169538,103.85220373688023
66	1.2955677357430486,103.84729193751716
67	1.2564200155806429,103.82034147395325
68	1.30886570442531,103.91135102590441
69	1.2909135884967817,103.84057375180146
70	1.294229,103.84957574
71	1.3193716426336384,103.86157455457034
72	1.2645320887678908,103.82174491882324
73	1.3030200678394386,103.83517742156982
74	1.291265,103.85949421847816
75	1.2932668620863799,103.85666797884942
76	1.3248624508411266,103.85063531070709
77	1.369279957628566,103.84856511560059
78	1.3196092115393665,103.84338509098247
79	1.3524446841322288,103.9536452293396
80	1.3049570451119625,103.82350778048144
81	1.3032990175276165,103.90516046082081
82	1.3384898759983677,103.83196144393543
83	1.372172,103.8940970402943
84	1.2948251856256618,103.85060494428049
85	1.3503114451508467,103.7499196646239
86	1.3006318741860787,103.84099714038082
87	1.2978964963931117,103.8498804982859
88	1.302473320324912,103.876633644104
89	1.286162100167933,103.85388717055321
90	1.3692117929654972,103.84692355909425
91	1.2897104006278617,103.83716278123093
92	1.3841668256008657,103.7705391777701
93	1.2759187326244752,103.84619271419874
94	1.2932719503313295,103.85887742042542
95	1.306776575,103.895644
96	1.2934095836066806,103.77313334527481
97	1.3921029274073167,103.90478996108962
98	1.28935,103.85864698071289
99	1.3078654557359042,103.85805225866879
100	1.317836978211524,103.8439680154395
101	1.3347885960102408,103.74657032798746
102	1.3035477200786434,103.76494646072388
103	1.2946696157145194,103.78276195265198
104	1.3800324820820706,103.76405095620238
105	1.3112132356758015,103.82674446965072
106	1.264748149562686,103.82470673323058
107	1.3023490943419382,103.84998872734378
108	1.3211712521513852,103.84601518170835
109	1.285658693307813,103.84964876988232
110	1.282775340558027,103.84404237474843
111	1.31606062,103.89879630898244
112	1.4284624388427603,103.82651734997177
113	1.429819142044869,103.83643755258952
114	1.295905185160201,103.85514622849769
115	1.3531084999999998,103.83471105502365
116	1.3127388824977024,103.86026436328945
117	1.3504156504342153,103.84838461875916
118	1.3008749266060555,103.8547889920705
119	1.3741269106499474,103.8865802724801
120	1.2909138774537903,103.8350590818675
121	1.2769170947449882,103.84797582876897
122	1.306062441683575,103.81136263056018
123	1.2774254907454738,103.84645994363403
124	1.328926222034963,103.86991009517669
125	1.3249789734172355,103.92989512455924
126	1.3964298318686095,103.88690288454197
127	1.3035033005687633,103.83311605535125
128	1.3850630161700297,103.90120461126791
129	1.2929992969178996,103.76838505268097
130	1.331955956281679,103.77446272135357
131	1.3760876742675814,103.75239372253418
132	1.3104281095574817,103.84710528225708
133	1.3210639922352256,103.84216151504516
134	1.385108006022295,103.74502301216125
135	1.2965762640877683,103.77291929244993
136	1.2846702453315886,103.86003223257379
137	1.328877859486819,103.77619430422783
138	1.280765978857921,103.84545794957734
139	1.3726427092599063,103.85524241290838
140	1.306127413943708,103.9046185
141	1.2875675000000002,103.8490085
142	1.2807768717424624,103.85372757911682
143	1.2899592062997531,103.84856779464738
144	1.3386652699966894,103.77862572669983
145	1.2668951146272982,103.80756180984659
146	1.3762794999999999,103.95532
147	1.331485,103.94801929593086
148	1.304036923846557,103.8243515
149	1.317853125,103.78595935841751
150	1.3892105079973192,103.98782
151	1.2991016485863254,103.78782914447021
152	1.333036695560181,103.85004044369987
153	1.2775220934153593,103.8173059255693
154	1.284097198458916,103.84712612941482
155	1.3826945609983023,103.89347375627314
156	1.3534773289748196,103.95446306708286
157	1.3458593403300338,103.71285769163597
158	1.3188442267011045,103.8938352768135
159	1.3107992110855138,103.7778022973859
160	1.3243719999999999,103.80972862243652
161	1.3367935983844337,103.77969680581666
162	1.2995955538032533,103.87440219191234
163	1.3718455,103.84762275712586
164	1.4311518341694882,103.79403407224859
165	1.291461835269268,103.84500710163924
166	1.3151303242967363,103.76484097205775
167	1.283450551139515,103.84869534113176
168	1.278899718543955,103.84581051902771
169	1.2893643712655931,103.86282026767731
170	1.397483416876205,103.7471780388625
171	1.2793180931291974,103.84232826097022
172	1.3208709245641288,103.95545883259965
173	1.2980946755778486,103.85178456481299
174	1.2641429340293304,103.81263981211976
175	1.2778101367416599,103.8431995
176	1.2757082011023817,103.84392142295837
177	1.3131700149033898,103.92737115572008
178	1.2770307867460629,103.8413617550264
179	1.2851530482452123,103.85145632989503
180	1.2802914234454554,103.85024217645264
181	1.2845000145130818,103.83263800690527
182	1.288606565907465,103.84269271875
183	1.4047943604195177,103.79022568945312
184	1.4411981773745537,103.824286
185	1.2984886151165478,103.84529437200257
186	1.3024681333585337,103.85307300979613
187	1.2921358453508724,103.86018097400665
188	1.288139357677819,103.8509194156394
189	1.3393442445696861,103.98329597329572
190	1.2964305319857066,103.85691521509682
191	1.3698441032064461,103.95757008996947
192	1.320998404396426,103.84448166463804
193	1.3004559278475996,103.85586055477904
194	1.2662545820754647,103.81949087210083
195	1.3754605,103.87938890384481
196	1.3413073464561436,103.77445220947266
197	1.2809920900827008,103.84165152548735
198	1.2828631082110455,103.85775399658203
199	1.3763204432585963,103.77103647472273
200	1.3000918215522062,103.8376954015283
201	1.2970078380908068,103.85469582362808
202	1.3387142795682976,103.79293269210815
203	1.2964600977635135,103.85045798860921
204	1.2784266163047704,103.8486595
205	1.325072825620749,103.93100755770874
206	1.2888171614162987,103.837025
207	1.3012503391079493,103.913348
208	1.3143909914828589,103.87832229824829
209	1.3047036001811727,103.7873251110376
210	1.2908315,103.83907735347748
211	1.3567075210348407,103.98941609641398
212	1.286350367747005,103.84689117597584
213	1.3978105839614665,103.87319694571686
214	1.298547368166978,103.83871257305145
215	1.3336329999999998,103.73636122628784
216	1.3170018563451487,103.8567166521128
217	1.3281592208400883,103.75209867954254
218	1.4240747795148292,103.83852368438514
219	1.309707458134545,103.79292075759106
220	1.3597416241881837,103.76744933428833
221	1.437956063690724,103.79548961804198
222	1.3421699498236883,103.68229833962661
223	1.3074845867805158,103.90722252284608
224	1.4308372267134835,103.82843999815606
225	1.280894859501044,103.83869647979736
226	1.3023264940336894,103.91641061161499
227	1.3719631978843956,103.84645476937294
228	1.424121,103.84083819162751
229	1.3234827006066658,103.81038039427875
230	1.2651649049586027,103.81875693798065
231	1.3769414461443272,103.82797891530623
232	1.3474080524213856,103.68046646847154
233	1.3939072525,103.91309760785506
234	1.39716,103.818556
235	1.416428,103.83522325188795
236	1.3020407344068237,103.79809154734303
237	1.3082405000000001,103.9033395
238	1.2919305082466004,103.84139959729242
239	1.2936755,103.8419715
240	1.3088609028254803,103.8341765
241	1.2837617898722433,103.85322941016041
242	1.333826900457646,103.77623185222564
243	1.292980301465661,103.8521457280426
244	1.251624150950276,103.81747100803562
245	1.3035535,103.85962564792365
246	1.3123759298670206,103.92361521720886
247	1.3704870689099393,103.89437443156277
248	1.3620536148379925,103.98970041056955
249	1.3214599495197439,103.86289536952972
250	1.3016761933170968,103.86270369269943
251	1.3343137850004552,103.95420165957219
252	1.4021560781065352,103.970024
253	1.3127180709337143,103.92523258924484
254	1.279898,103.83473567572784
255	1.3033125955809313,103.85182931699754
256	1.3470277144867628,103.92948925495148
257	1.344760512235582,103.94198775550079
258	1.4405082777148817,103.80096316337585
259	1.2551900919726888,103.82175043289814
260	1.3125658279446533,103.76572966575623
261	1.3503350297436505,103.8730188389359
262	1.3010599514108963,103.87435913085938
263	1.2922037893088163,103.85550942779541
264	1.305252072444825,103.88202488622284
265	1.4304989257624574,103.77514149999999
266	1.354476313571281,103.93991231918335
267	1.2740318726694924,103.84224559757047
268	1.3811715345876159,103.8466497167451
269	1.3339974515714763,103.9585288236847
270	1.3705585479479736,103.84736135601997
271	1.4485887441907508,103.81978937183672
272	1.3446013213816517,103.93243050000001
273	1.279517,103.8382226208496
274	1.302081021937114,103.85807543992996
275	1.3049340164588936,103.85464910218991
276	1.3457443588953124,103.93146108504882
277	1.3594604178877074,103.88578419982404
278	1.3351730457033848,103.70602369308472
279	1.315815222410523,103.88324459985351
280	1.3849053118941566,103.94471652072144
281	1.3418502906091154,103.69714833357105
282	1.4256874617658037,103.8257485
283	1.3352140000000001,103.9601265
284	1.3035603324672111,103.90091009437623
285	1.3311102728116577,103.7748384475708
286	1.3063241117258984,103.85090266286173
287	1.4112654516427512,103.84389823559295
288	1.2631161960297064,103.81997466087341
289	1.3094262721527832,103.77679109573364
290	1.356598922074888,103.94441843032837
291	1.3110137246369042,103.77576112747192
292	1.3318972128210227,103.84987592697144
293	1.3426382104294698,103.84905106698204
294	1.3136794503794504,103.76481249167436
295	1.334036027787223,103.77459168434143
296	1.305605119489491,103.82600482837377
297	1.332633593543368,103.77271142580474
298	1.332203784911183,103.77612054347992
299	1.3018025615045765,103.9072410375
300	1.3053312459831239,103.853237435
301	1.3515175164719668,103.83585254561329
302	1.326225866924518,103.72457584959366
303	1.3006684498280274,103.90423357486725
304	1.3790509231992327,103.76411664631614
305	1.2797196866279836,103.8404480295868
306	1.3052597492110942,103.93030196428299
307	1.3401558440646166,103.94983499235038
308	1.42788,103.83760758215713
309	1.3149691398438106,103.89335901545735
310	1.282418836189036,103.85342398133099
311	1.3063731072816296,103.829332
312	1.3616139999999999,103.88672617
313	1.3782062567597009,103.94248187541962
314	1.2805425000000001,103.8474705
315	1.3044897252086867,103.83412296496503
316	1.3849813145930936,103.74357461929321
317	1.3787254999999998,103.9550415
318	1.2988039770489161,103.77469092607498
319	1.3725696283581972,103.8291334216814
320	1.3463464186964016,103.93287451925475
321	1.3490264750492398,103.93371305970001
322	1.2546916835330908,103.81768929030646
323	1.3313609158326951,103.79481554031372
324	1.2896071641961107,103.83886278217622
325	1.3546070864458173,103.94479922442628
326	1.3575756485361994,103.7676019616055
327	1.2860710000000002,103.8042710580578
328	1.345688677450119,103.94483573026832
329	1.3564513924031005,103.94609465959667
330	1.324967,103.93262283454035
331	1.3021037317752877,103.84047626635743
332	1.3049540920983622,103.81096184693908
333	1.289192501207104,103.83476187837485
334	1.2966572084990815,103.78051886501173
335	1.2537280471303949,103.82426083087921
336	1.4161282750152022,103.89928910958696
337	1.2847149163316522,103.82151480729675
338	1.3346563845464123,103.85063850647735
339	1.3064360846882608,103.79028686853957
340	1.2857108986260366,103.859568775557
341	1.3453084147357475,103.93402129215647
342	1.3690486936268693,103.85065108552713
343	1.3933435921187989,103.91689039892577
344	1.2550639207958096,103.82338235888672
345	1.3112347534681505,103.83667622585494
346	1.3555499295150084,103.98574516898323
347	1.3069811008267354,103.800168
348	1.3656568675639678,103.98978531360626
349	1.354861928592032,103.85079932953869
350	1.4454285704652157,103.78430128097534
351	1.3960071612022107,103.87302893530025
352	1.3727867255452109,103.88615331229879
353	1.4454880425449046,103.79831959137331
354	1.2540179673460523,103.82241007572085
355	1.3323225509542613,103.77726016811785
356	1.3026685000244709,103.86134783191682
357	1.3738006835819263,103.8458780143309
358	1.2965313079260676,103.85180711746216
359	1.3828245,103.72619449999999
360	1.2832179838150062,103.81724292746381
361	1.3029915960210192,103.85589048242316
362	1.4366649242905667,103.7891065
363	1.292441935202826,103.84259707332356
364	1.2601128501565242,103.82334887981415
365	1.2816933235536698,103.84413518961502
366	1.3464069074848186,103.72962460200137
367	1.335297332645573,103.72016401076527
368	1.356326647138368,103.87419372347095
369	1.3529487599999999,103.94048065448101
370	1.2837555,103.85124132239756
371	1.4418561356002115,103.7701360749588
372	1.2723130995472243,103.84238153224183
373	1.3542297157678493,103.96001000224514
374	1.3051819999999998,103.909775
375	1.3076924955884017,103.873131060827
376	1.304457680242808,103.85035527693857
377	1.2783388919292333,103.83430141323095
378	1.3145908523125076,103.89171795797509
379	1.2774554270763947,103.84917039899827
380	1.3770911717478735,103.74406597439751
381	1.3218784893895972,103.77043431847409
382	1.3634393097065778,103.99312734603882
383	1.3906298063301246,103.9863245
384	1.3757326228168556,103.95407970436152
385	1.2977678907738284,103.8567985
386	1.3062011198342471,103.83112754642679
387	1.2805739223514743,103.8361833140107
388	1.314634354204865,103.90631515468706
389	1.3540589952836364,103.83396052641072
390	1.3423160455882472,103.77619133513517
391	1.3154542961783813,103.8560176460136
392	1.3801192561572466,103.75318217112351
393	1.2826615000000001,103.84253203868866
394	1.3117366294215786,103.92205382751465
395	1.3046507321358827,103.90431368128205
396	1.2930263761724694,103.77467773921438
397	1.3778224493711329,103.73869160688588
398	1.3966309829954713,103.74669893614983
399	1.2784068190421833,103.847339
400	1.3490221237262365,103.93531501293182
401	1.3437121610923506,103.73762785152687
402	1.2961923945470364,103.84545349999999
403	1.248372952547024,103.82164299488068
404	1.2933809915901104,103.82664703591678
405	1.2829176696365858,103.86037146633512
406	1.2902852391496513,103.84652276148682
407	1.299683190028377,103.85358855659416
408	1.3032328173894447,103.8480852448414
409	1.282185528879331,103.8458699568646
410	1.2998636715737213,103.85949877898986
411	1.3707167529849895,103.84578689932823
412	1.2872762369525481,103.84464073201511
413	1.2984548790932529,103.85357034450257
414	1.2921747393578586,103.85412852497211
415	1.3093074032305254,103.90228251791382
416	1.2843603628853781,103.8587186340188
417	1.295632,103.833365
418	1.3405530290894334,103.84549856185913
419	1.3516918317019635,103.8610485778878
420	1.3068091184027997,103.93471956253052
421	1.3060259785217008,103.91533083175827
422	1.3244061321390246,103.92816995713078
423	1.2727613,103.818841
424	1.311866443783514,103.75974833965302
425	1.3140170106537394,103.85724127292633
426	1.2845310235456966,103.79136085510254
427	1.3048569773536387,103.83539199829102
428	1.3586958207224258,103.86340498924255
429	1.3541963352260296,103.87294292449951
430	1.3125368201883854,103.8731575012207
431	1.3372494497888707,103.90298366546631
432	1.2431170654571344,103.82753849029541
433	1.318971,103.820125
434	1.414201917135729,103.86297937588839
435	1.2976061544963546,103.76333713531494
436	1.4004403461164832,103.90917420387268
437	1.3312632673431002,103.93934987797503
438	1.2541019050914914,103.8190930553451
439	1.354964,103.702675
440	1.333784977109635,103.74183654785156
441	1.349863562283913,103.86220648718496
442	1.39066760972981,103.97522196680706
443	1.4447635942370927,103.76816511154175
444	1.4304059009154397,103.78802683296418
445	1.3065302412029,103.84912490844727
446	1.4185934066154913,103.71647357940674
447	1.390020372127015,103.74861717224121
448	1.2529157996514881,103.81517613316758
449	1.2812595487889478,103.8583517074585
450	1.3018569317573914,103.87990475586169
451	1.3818795678460325,103.84480655193329
452	1.3531124516120638,103.9877915834778
453	1.3553547256170044,103.98984432220459
454	1.3801420012580543,103.74522686004639
455	1.3199913936793355,103.85252594947815
456	1.2661141753141338,103.80277633666992
457	1.327417,103.867461
458	1.3814398134592822,103.95147800445557
459	1.304972282430252,103.90324920415878
460	1.295918,103.815625
461	1.2979465883196168,103.76315185056418
462	1.3435529599043314,103.84594853112806
463	1.3496914784468887,103.71845841407776
464	1.3334953770051627,103.95950317382812
465	1.3179629385097733,103.80540130347173
466	1.310064471117162,103.86029362678528
467	1.335903,103.842457
468	1.3194336421900872,103.88721227645874
469	1.316017411591633,103.89634788036346
470	1.3319508425393234,103.86718153953552
471	1.3386438182184124,103.7769627571106
472	1.3261202162149293,103.89006614685059
473	1.359044409833366,103.75162124633789
474	1.3670565825810472,103.89702916145325
475	1.3976248661898918,103.91169548034668
476	1.298051286972962,103.77106189727783
477	1.3003165015155789,103.84234786781526
478	1.3272153367414423,103.94647300243378
479	1.283667,103.808316
480	1.304296,103.905999
481	1.4164911982994481,103.83281707763672
482	1.33726017570291,103.6973762512207
483	1.3621227176430797,103.8852971792221
484	1.31839,103.819909
485	1.332305,103.91534312
486	1.3328399881940867,103.79099221937408
487	1.3777840041079752,103.8969993116564
488	1.3423057366198698,103.68006691317339
489	1.2992686970809755,103.84384632110596
490	1.3081766888385369,103.885817527771
491	1.4098842454741551,103.85826587677002
492	1.286279383748174,103.85283708572388
493	1.2946115889834504,103.806018223181
494	1.2762182516438874,103.8154149055481
495	1.2933586213858121,103.87053966522217
496	1.3192137593570605,103.91284883022308
497	1.3241423479443728,103.8141918182373
498	1.3116344719899675,103.91051619843282
499	1.256031512119255,103.81886959075928
500	1.3222760282808932,103.91388416290283
501	1.303494,103.789657
502	1.383938,103.846412
503	1.3271241660990696,103.86735320091248
504	1.355545,103.934764
505	1.305081634792621,103.8513100730073
506	1.326679,103.844923
507	1.3710143929977134,103.9696741104126
508	1.312021971125449,103.82912635803223
509	1.332054,103.893491
510	1.3425195683692885,103.73253976694593
511	1.3386974477575782,103.69270920753479
512	1.4101952875057406,103.8323450088501
513	1.3083965726429687,103.85088443756104
514	1.2882891312212776,103.83588842659661
515	1.426659004447594,103.78925800323486
516	1.2458919883622486,103.83994181740792
517	1.2777289955061857,103.79914170873013
518	1.3190989654913152,103.8630359979439
519	1.3208317725304792,103.91879747241474
520	1.344938796726421,103.95521947782075
521	1.3209835474615372,103.91283005475998
522	1.2937769393566128,103.796306848526
523	1.3088256141571246,103.86311531066895
524	1.3301381584940164,103.7239408493042
525	1.3099164843491389,103.7636219
526	1.344071121625107,103.86011123657227
527	1.278448,103.803935
528	1.332101005654905,103.91349792480469
529	1.3256654353641488,103.87654781341553
530	1.27289313535017,103.83792400360107
531	1.293191,103.803026
532	1.2989142122126187,103.77154862325642
533	1.2978206761816138,103.82828950881958
534	1.4291902234770726,103.78153324127197
535	1.2910865798990796,103.78097015486658
536	1.337871552724601,103.69417905807495
537	1.3065945974825401,103.9417576789856
538	1.3385365591365952,103.96287202835083
539	1.290312406392304,103.80753993988037
540	1.3805388529981055,103.96143436431885
541	1.2879955643770056,103.84084224700928
542	1.3121506834011256,103.83949041366577
543	1.2930657238105825,103.76234275531084
544	1.311686389120856,103.8716371615176
545	1.279243,103.836551
546	1.403409,103.90642
547	1.3592642958788224,103.88858626896726
548	1.3374210644075797,103.69705438613892
549	1.336541539359893,103.91400218009949
550	1.3323630533710706,103.84304987644047
551	1.318089965409206,103.89266352839795
552	1.3322233333939608,103.90662496542902
553	1.3315647087715679,103.67836475372314
554	1.376785062626932,103.77333668302781
555	1.3808820760712013,103.89347791671753
556	1.3107975904211204,103.83893978075938
557	1.3026045050298831,103.83237719535828
558	1.306723310036897,103.86261641979218
559	1.3150172113230865,103.87174397706985
560	1.400231196295285,103.80659580230713
561	1.3253829626387201,103.84165152413587
562	1.3150874173176996,103.90779461573027
563	1.3541446032735491,103.88972459046676
564	1.3682071223643313,103.89567686372584
565	1.3168420636679268,103.87923653441977
566	1.3208065687078079,103.76719951629639
567	1.3504475075767004,103.74085542369149
568	1.3109157608979012,103.7879079925022
569	1.3378539874297368,103.69599661291868
570	1.2953536757033381,103.86292219161987
571	1.447316,103.824346
572	1.3196841382499622,103.90286977550136
573	1.4325578380072914,103.77414018598367
574	1.279261,103.785993
575	1.3068869,103.8101124
576	1.3362338578669368,103.78699122674698
577	1.3621977982722822,103.97362232208252
578	1.326709219070339,103.84340654350342
579	1.3481898576646802,103.7444543838501
580	1.283495,103.780862
581	1.3484472784360202,103.68540287017822
582	1.332615850553083,103.73962640762329
583	1.3033338772410448,103.9030909538269
584	1.344721,103.679892
585	1.3310750184392988,103.72314727976232
586	1.3296554909201326,103.83798837661743
587	1.2517410053253042,103.82200241088867
588	1.3165268968289274,103.89407873153687
589	1.33765,103.962114
590	1.2868800470996384,103.80805492401123
591	1.2987109409809279,103.77825021743774
592	1.3203500214338981,103.93518023300095
593	1.3346865747646826,103.7215322167027
594	1.30695411868638,103.87571993143636
595	1.3711216506416146,103.89244794845581
596	1.3820671679672172,103.84585228574122
597	1.329721,103.683102
598	1.3323540263714155,103.68358971747698
599	1.4237416638067324,103.83706569671631
600	1.2874776170455269,103.82704045383007
601	1.330256143886628,103.89133214950562
602	1.383547237966432,103.84038905649203
603	1.378014,103.76317108981311
604	1.361425540260293,103.83590698242188
605	1.3076028456483761,103.78443002700806
606	1.2876166825542705,103.83439391082267
607	1.461280688963049,103.83650779724121
608	1.2769690837607945,103.83916854858398
609	1.3087588365286078,103.85966702662574
610	1.3360910507988213,103.89530181884766
611	1.3265449642925449,103.93088936805725
612	1.370766,103.863974
613	1.2893253484027603,103.81651760964239
614	1.3232402588237124,103.85464486623728
615	1.330998,103.807427
616	1.3418728621567224,103.88080516111455
617	1.277413,103.800435
618	1.3800180113065872,103.77249397379032
619	1.305651,103.8097369
620	1.3000946049259903,103.78073394298553
621	1.369598591648135,103.88895034790039
622	1.3062084597799424,103.91972064971924
623	1.3044237514443764,103.92496627013456
624	1.342966355307044,103.79708468914032
625	1.3318024875944148,103.80626725578843
626	1.3063371723540693,103.84371757507324
627	1.412175,103.828938
628	1.3134475383721904,103.81509123004088
629	1.4038779084498634,103.78878593444824
630	1.3913503559342686,103.89386415481567
631	1.4044678172348803,103.90231847763062
632	1.3379415768646545,103.85206308368407
633	1.3175464928259624,103.97343692447522
634	1.3124268784703046,103.85430961847305
635	1.3576286014392789,103.81908416748047
636	1.2999752951618762,103.77563969377385
637	1.3161836646805134,103.85033190250397
638	1.3047711689210968,103.87942314147949
639	1.298542005214793,103.80528688430786
640	1.3349755549587872,103.85873794555664
641	1.3400810894620012,103.7048864364624
642	1.3331843250031363,103.93033146858215
643	1.2914976418854236,103.77579867839813
644	1.2874807103096446,103.860604763031
645	1.281714,103.850204
646	1.349319,103.684155
647	1.3392015653682519,103.77606153488159
648	1.3501803960649206,103.9870434950066
649	1.288757119160898,103.82748484611511
650	1.2760251804926783,103.79143595695496
651	1.280287,103.843277
652	1.4406986544054854,103.7720274925232
653	1.3057470181103614,103.82040060807623
654	1.35426605318188,103.87067377567291
655	1.3344941760386333,103.96459705457913
656	1.3979573611380685,103.81367683410645
657	1.3076832909633187,103.7843844294548
658	1.2570574286865661,103.82407993677639
659	1.3198994243353106,103.84902275788521
660	1.291368,103.852524
661	1.280147748599964,103.80176776015784
662	1.2933371691803166,103.86109828948975
663	1.3794299051932775,103.95770688170259
664	1.3355051074945066,103.89695683454343
665	1.356191340554795,103.87755632400513
666	1.3490845636676407,103.75829169435794
667	1.3508224683021082,103.89124803059244
668	1.243289,103.828033
669	1.330846070764968,103.74823093414307
670	1.3003480927895257,103.77451364673804
671	1.2961795848267832,103.77813756465912
672	1.3292264529974078,103.77363681793213
673	1.358514,103.841567
674	1.4093694171926578,103.99027347564697
675	1.4037492010588064,103.90618085861206
676	1.318574,103.909915
677	1.2761002637198724,103.85468244552612
678	1.362766,103.887845
679	1.341239486566936,103.81101608276367
680	1.354625368768736,103.77639412879944
681	1.3167843209092402,103.83547782897949
682	1.312242,103.89399
683	1.286305775454991,103.83740560339108
684	1.2873895382243687,103.81824195384979
685	1.304706812594766,103.80872011184692
686	1.352285548450062,103.74886043831066
687	1.304106153469661,103.79702568054199
688	1.3838901765835836,103.75212481121187
689	1.3368179589092093,103.79408217613457
690	1.341127,103.912648
691	1.29876457138051,103.85856628417969
692	1.331838,103.901303
693	1.4169002545915395,103.7981456336229
694	1.437074,103.837874
695	1.3882703909127692,103.84438030596924
696	1.27843,103.804291
697	1.3329054507610125,103.9566171169281
698	1.3074205029249768,103.8196313381195
699	1.248047,103.827551
700	1.304587957565351,103.87002334027197
701	1.32313410646148,103.81208896636963
702	1.3657158594148375,103.96690607070923
703	1.4128016035842388,103.8294267654419
704	1.303172986330266,103.79260540008545
705	1.357714408032226,103.95915985107422
706	1.4629138800921917,103.83867967990113
707	1.3838852758453435,103.73600006103516
708	1.3076964600756689,103.86287179404776
709	1.3208979757745853,103.9052712727269
710	1.415858,103.871563
711	1.2980351978486677,103.77128720283508
712	1.378705109014694,103.87545378320974
713	1.360232,103.934207
714	1.3206885828649697,103.70673179626465
715	1.366820615358071,103.96453499794006
716	1.3310284117715423,103.77794981002808
717	1.3053799137014568,103.89273750705586
718	1.2222695801774948,103.84859813678966
719	1.2806910625851675,103.85517597198486
720	1.31575,103.925692
721	1.3772138769142435,103.89844670891762
722	1.3004440382027684,103.7707507941316
723	1.3290994420987825,103.7375913253872
724	1.3767878512877212,103.95379164893306
725	1.379852406703268,103.77582550048828
726	1.3445459206544779,103.85831379943659
727	1.3649865056982453,103.8491141796112
728	1.3658030981612173,103.85040986270981
729	1.39424,103.753632
730	1.3614789564031875,103.84147602344687
731	1.3589639661968531,103.84424865245819
732	1.3360355873813805,103.85313315866247
733	1.3387599914428472,103.92257009264166
734	1.4238703700893787,103.86011123657227
735	1.314725,103.816156
736	1.347081114811279,103.75947418415265
737	1.3515522120432528,103.85302558460664
738	1.3455030267401922,103.85473608970642
739	1.3253061155291022,103.86163473129272
740	1.3196,103.901978
741	1.3660537217232445,103.69238197803497
742	1.3249360696743457,103.79247665405273
743	1.332615850553083,103.9371657371521
744	1.304911,103.813586
745	1.2997513705297001,103.77578258514404
746	1.3462162975139111,103.6838150024414
747	1.3910929397719975,103.99168968200684
748	1.3518372695994614,103.74473058304949
749	1.290947,103.810171
750	1.399386,103.817647
751	1.3416041670235463,103.83237719535828
752	1.327896434963404,103.67849349975586
753	1.3382201448178839,103.84484946727753
754	1.329734,103.6816194
755	1.3138239423818865,103.76659870147705
756	1.3120595122065322,103.87680530548096
757	1.313068,103.882644
758	1.348758328498379,103.85338962078094
759	1.284335,103.815575
760	1.372984,103.763491
761	1.443378,103.777168
762	1.3481737688655657,103.74347269535065
763	1.3036556590317512,103.78082513809204
764	1.3515934163129255,103.86426470234768
765	1.2947246907847554,103.77257279382404
766	1.3418830402772044,103.83781671524048
767	1.2777741148517663,103.79951523879069
768	1.2585414553294216,103.81118774414062
769	1.2826861268201466,103.8304352760315
770	1.363282734470103,103.87381726616759
771	1.2494241287359897,103.82492065429688
772	1.3224583699190873,103.91435354948044
773	1.2711662184213381,103.86316895484924
774	1.3923310750696687,103.74288067547069
775	1.3428698223040694,103.93349647521973
776	1.2847396138671934,103.81415163899707
777	1.2874142673659543,103.85223859805022
778	1.361264,103.953468
779	1.37133616591499,103.85661363601685
780	1.3789943485561553,103.92105102539062
781	1.336366556054635,103.78343174476966
782	1.3019982965362218,103.77186549287488
783	1.2862954729469442,103.85291755199432
784	1.252234,103.816223
785	1.293667047271489,103.86220648718496
786	1.3142637089793843,103.83701741695404
787	1.312179725195724,103.83810758645494
788	1.332827,103.791231
789	1.2551519587997448,103.8127326965332
790	1.42668455513602,103.82646306301602
791	1.313934266615336,103.98871536496641
792	1.3443001917777213,103.7205027799632
793	1.2740843179803247,103.80334681136227
794	1.3040525231836628,103.8019609451294
795	1.370006170910314,103.88740539550781
796	1.3574355365940158,103.97029638290405
797	1.338107,103.693659
798	1.2515693849073628,103.82376194000244
799	1.3081874148782207,103.8358211517334
800	1.3443079560507574,103.96515236309031
801	1.3352759475390685,103.96511836454587
802	1.303312425120203,103.88431549072266
803	1.301954,103.772784
804	1.4323820421656328,103.70918515563781
805	1.3032226923852603,103.82742255204533
806	1.3834562475388097,103.73788833618164
807	1.3912536867987157,103.89623189384858
808	1.371047,103.963878
809	1.3732030208222992,103.93322602098186
810	1.4055422258287154,103.81717420213283
811	1.3487333400320018,103.75842748213024
812	1.402838,103.817663
813	1.419868183658937,103.75782209603786
814	1.331344,103.86909
815	1.370917861114103,103.89245867729187
816	1.380026810406532,103.69546502666454
817	1.2891486225879543,103.81952404975891
818	1.383284636194469,103.94645690917969
819	1.295215,103.783793
820	1.4333088111869747,103.77588987350464
821	1.3345626068511607,103.85196805000305
822	1.3398077336585625,103.98458956648876
823	1.2735634063514074,103.83989086621337
824	1.312338,103.773544
825	1.395597718552246,103.88521671295166
826	1.3643429581175417,103.77631902694702
827	1.443996,103.781752
828	1.308546737181276,103.93289566040039
829	1.360803443348508,103.95662784576416
830	1.4240366156938289,103.84682357311249
831	1.3096622448985573,103.7918758392334
832	1.313697,103.884765
833	1.3439209592422996,103.70754718780518
834	1.3766990150800567,103.7535690440082
835	1.3496466369266225,103.93711207725664
836	1.35354205892717,103.9415055513382
837	1.3737494614147907,103.95635962486267
838	1.321951608042393,103.82550641110336
839	1.3094758379661522,103.90052495800427
840	1.3347932142444932,103.96647691726685
841	1.305058,103.851366
842	1.382222072766547,103.75091975615453
843	1.2787052237953567,103.80154137440196
844	1.3003629214981003,103.86305298456514
845	1.32889,103.848476
846	1.302786848102482,103.87532472610474
847	1.3301130536029393,103.79641949814929
848	1.35214492444381,103.8528217603132
849	1.3484043749760153,103.95808696746826
850	1.441244,103.7944
851	1.395812231612477,103.84577751159668
852	1.2438443717896521,103.82898775079627
853	1.298689572554585,103.80300156919907
854	1.3999308785706677,103.74269485473633
855	1.349458100233064,103.93180098711395
856	1.3095549845626981,103.7782073020935
857	1.396112549863934,103.92229557037354
858	1.3209632881190418,103.87027815288256
859	1.38807,103.746346
860	1.349416,103.730479
861	1.3071132284610143,103.81991381207699
862	1.2864413452199366,103.80146779911303
863	1.3159691445637511,103.8970935344696
864	1.4232272889445425,103.83368062500894
865	1.3373781607540316,103.73042106628418
866	1.361809,103.837993
867	1.245653,103.82767
868	1.3412246561059844,103.7347091418552
869	1.41681485920279,103.83428635161054
870	1.284753,103.835116
871	1.3313000874467418,103.88917525005184
872	1.3793804747606537,103.93723011016846
873	1.342333527773668,103.83504867553711
874	1.334107,103.848302
875	1.3619821499543723,103.85260661277937
876	1.452696011560835,103.79389104136676
877	1.3871029856688637,103.89032363891602
878	1.35818634423901,103.98793458938599
879	1.3095978886975914,103.85775089263916
880	1.349519864690123,103.93203735351562
881	1.3414540044891665,103.80363464355469
882	1.2906127376102463,103.85172128677368
883	1.3085690105070749,103.78087196630328
884	1.3786078695890938,103.75795788333502
885	1.349362,103.751705
886	1.349305,103.901197
887	1.4279460653193903,103.8290673494339
888	1.2742660871143703,103.81629467010498
889	1.3428635110413554,103.6921172131071
890	1.350935677821201,103.72042179107666
891	1.3439019603203672,103.75942892119365
892	1.308496168635976,103.77964600788036
893	1.307393,103.78124930999999
894	1.344908,103.735223
895	1.403986162484913,103.90234303763837
896	1.317415,103.708009
897	1.381653011264058,103.84924356137924
898	1.3607927175382823,103.94498705863953
899	1.372371201838715,103.8448441028595
900	1.3609750563057206,103.84646415710449
901	1.3840997899694956,103.94645690917969
902	1.3654369889022704,103.8667631149292
903	1.310198,103.852047
904	1.3485729277231207,103.71832515147678
905	1.2747030693625399,103.79902285847311
906	1.3813111048428848,103.76449584960938
907	1.2810413111618968,103.81491010354867
908	1.3345036142586937,103.96154165267944
909	1.2934980607170796,103.77012848854065
910	1.3629915076377597,103.74484062194824
911	1.331344,103.889023
912	1.429603,103.779551
913	1.3792839432154036,103.88781309127808
914	1.376136017967272,103.8236553937469
915	1.331328124714683,103.864230728805
916	1.3823514992924422,103.84289145469666
917	1.3384936555025502,103.69487643241882
918	1.3670816040611178,103.96442706262414
919	1.3466623650212337,103.89898442344592
920	1.3111852598386633,103.8727187155712
921	1.391415614460766,103.90166904268335
922	1.3328732729618236,103.77138376235962
923	1.37276839409538,103.76501335395534
924	1.3743608292212572,103.7510633468628
925	1.3246015704822687,103.89000775649156
926	1.4519496178204525,103.77846479415894
927	1.307869,103.936755
928	1.330429,103.874027
929	1.370667,103.888139
930	1.3123887484188277,103.8614505892905
931	1.3270891607989883,103.81352902202181
932	1.306135,103.866088
933	1.310229,103.76258
934	1.273461,103.843744
935	1.3329629846428854,103.93041
936	1.2925501655661076,103.81072728111012
937	1.3312214787049923,103.74181509017944
938	1.334331999436213,103.78103971481323
939	1.2487376463910151,103.8288152217865
940	1.3328732729618236,103.86779308319092
941	1.3748327621578202,103.75166416168213
942	1.2845632019651319,103.84157180786133
943	1.3391372099343721,103.70849132537842
944	1.2988033308784344,103.88264563058073
945	1.4414997681290254,103.83123510213274
946	1.3669493247552946,103.75004410743713
947	1.362326,103.847286
948	1.3216532143128115,103.87022719032234
949	1.31766556,103.852636
950	1.3893982826696485,103.88987302780151
951	1.3676250489775543,103.84854555130005
952	1.3696870087231063,103.8860434855423
953	1.3293980681754491,103.84414672851562
954	1.313742,103.766719
955	1.3118074506512942,103.93392562866211
956	1.3167843209092402,103.75743627548218
957	1.4008425572586227,103.74791443347931
958	1.3307173594580886,103.85055184364319
959	1.3173957029934202,103.88586044311523
960	1.3572819065949855,103.95642067865111
961	1.3247859061233078,103.89326333999634
962	1.3093030284120868,103.86427036460562
963	1.3503295669235433,103.93699877185927
964	1.3366809762787097,103.83681893348694
965	1.3238240352585648,103.76737280413604
966	1.3406388362846504,103.8462495803833
967	1.327020982359073,103.93033091361461
968	1.320280995364798,103.76477479934692
969	1.309243,103.857732
970	1.3289422153325678,103.84850263595581
971	1.319594532055596,103.82715225219727
972	1.3218469890793438,103.77908706665039
973	1.2892397946102807,103.86405944824219
974	1.2568222972421816,103.81145176612372
975	1.3003368440010912,103.85751545832696
976	1.306077,103.866034
977	1.4345612324883568,103.77928385028937
978	1.2829675936110068,103.83031238158404
979	1.3762271089252274,103.85710716247559
980	1.3083965726429687,103.83255958557129
981	1.4013037592832867,103.88362884521484
982	1.3479870559780434,103.93485165222047
983	1.3327016580256572,103.96469593048096
984	1.403486,103.796674
985	1.3153399395128234,103.96201319944758
986	1.3327445617608182,103.73949766159058
987	1.4251467070031771,103.76191020011902
988	1.2950747972372088,103.84642124176025
989	1.450064,103.822229
990	1.4239036962270568,103.84655431248125
991	1.3539863248728565,103.94256217704314
992	1.4411352541991123,103.78515771395028
993	1.390749718178636,103.98053169250488
994	1.3443714463630507,103.68029594421387
995	1.318171,103.97472
996	1.3043421267144832,103.77063274383545
997	1.3387002849964331,103.75898760814317
998	1.3580576343735706,103.98752689361572
999	1.4525287888771836,103.76919507980347
1000	1.2818602133200037,103.85697841644287
1001	1.3358818953673919,103.82053792476654
1002	1.336371782293008,103.965197
1003	1.3458516177458908,103.96611750125885
1004	1.3780719357030138,103.82805347442627
1005	1.2941309006626591,103.8518500328064
1006	1.422224568755502,103.76254644316724
1007	1.2814526195464295,103.85809421539307
1008	1.3324656874688998,103.88495922088623
1009	1.3637208619592045,103.98954391479492
1010	1.331812703151251,103.93853973325885
1011	1.3069485569911279,103.79347443580627
1012	1.3489548612252118,103.94904932338812
1013	1.3258960435890184,103.93336236476898
1014	1.3100137968610042,103.77909711316228
1015	1.385394047030195,103.72167362346819
1016	1.346316,103.938243
1017	1.3780594418949748,103.8506108525423
1018	1.3234441080804396,103.96280081683163
1019	1.303834,103.85449498
1020	1.3104345191812337,103.75831604003906
1021	1.34916,103.703392
1022	1.280877,103.786908
1023	1.2745664202152773,103.7999439239502
1024	1.3357907250455427,103.7867259979248
1025	1.328796,103.930827
1026	1.3277516345697224,103.90377223491669
1027	1.3300845580130969,103.94856206859757
1028	1.3033290124798962,103.79680433955514
1029	1.354349840318921,103.95662147486883
1030	1.323481,103.88555293333333
1031	1.31885865,103.91111552
1032	1.3263089931473213,103.93900036811829
1033	1.3422262688534612,103.69291305541992
1034	1.348785143157056,103.71888756752014
1035	1.383878006494188,103.902246
1036	1.3498630921915558,103.72389793395996
1037	1.3154113921738333,103.89547884464264
1038	1.360079346679659,103.95336103677333
1039	1.3484901818952493,103.67836475372314
1040	1.3352727918371283,103.6516164882691
1041	1.3167973230692205,103.83556574566063
1042	1.3916828517689421,103.9023506641388
1043	1.2731505638616698,103.82822513580322
1044	1.2654942179092499,103.82636117077487
1045	1.4351535928645467,103.78097534179688
1046	1.3604707995237892,103.93119199522118
1047	1.3114213137514428,103.86790037155151
1048	1.3679575481281852,103.85151743888855
1049	1.375548,103.85060012340546
1050	1.330661,103.852307
1051	1.31025568,103.84172183
1052	1.3581355206362347,103.75306396961037
1053	1.37820064449466,103.77254247665405
1054	1.3029506713525627,103.78166052726412
1055	1.357816303357407,103.75078439712524
1056	1.324164,103.814137
1057	1.3031408081468787,103.78523468971252
1058	1.3520082629773507,103.74767303466797
1059	1.3309860229594932,103.94549126991832
1060	1.3230053947533036,103.81200313568115
1061	1.290417,103.807944
1062	1.3817106001177224,103.73882454554723
1063	1.3046424562667944,103.82856845855713
1064	1.4119685146901932,103.83302961345375
1065	1.3386438182184124,103.77689838409424
1066	1.3468341753454733,103.92112587829592
1067	1.357285,103.985467
1068	1.3072081210477047,103.85703419112686
1069	1.3683983450785757,103.83685647401002
1070	1.3374854198865087,103.79320621490479
1071	1.384781,103.766076
1072	1.378500964981487,103.83670628070831
1073	1.4372986859671257,103.775954246521
1074	1.30553288093674,103.83471092794407
1075	1.3532310094772715,103.87093126773834
1076	1.3485970229556359,103.69765359220823
1077	1.378591,103.748785
1078	1.3609045509187843,103.84252903098397
1079	1.2922752847819905,103.78348588943481
1080	1.3924127429504654,103.91591992791345
1081	1.4215858325047257,103.9103490114212
1082	1.382705447815712,103.76225352287292
1083	1.328625799780412,103.86637687683105
1084	1.4187765696189356,103.6972973116439
1085	1.3655330263121248,103.75036532131537
1086	1.363091,103.888032
1087	1.3199592157122004,103.88804912567139
1088	1.298425868153572,103.816574
1089	1.3320502903956477,103.86829628958013
1090	1.4354570019208523,103.84436898310975
1091	1.3622192498801895,103.8462495803833
1092	1.369334,103.873233
1093	1.4169167116620416,103.83328435673357
1094	1.3456371002098177,103.93826007843018
1095	1.2950567541486226,103.8057805106658
1096	1.2937447610536112,103.78372192382812
1097	1.2896259349038857,103.85383486747742
1098	1.308095372007438,103.81795532493543
1099	1.2821884743148273,103.82402333096222
1100	1.3812896534061294,103.75195384025574
1101	1.2956597712864986,103.77139018872724
1102	1.4128874081790979,103.83569240570068
1103	1.3312289229628362,103.85428816967678
1104	1.331902,103.937011
1105	1.3295720839169507,103.68157667500473
1106	1.2973590946561755,103.80145647984138
1107	1.3332808583872813,103.86719226837158
1108	1.331636,103.909941
1109	1.381622150653898,103.76484990119934
1110	1.299021,103.850647
1111	1.414192684525843,103.80875194716735
1112	1.3338654027008485,103.78957742764354
1113	1.2995464248292081,103.82226290195274
1114	1.443386,103.768534
1115	1.3781141172543176,103.7547442874917
1116	1.3728699495591543,103.72210621833801
1117	1.4355889383233276,103.71723352251269
1118	1.3399952822472556,103.77299308776855
1119	1.337796010345016,103.836843
1120	1.285443,103.83856731
1121	1.365335,103.979859
1122	1.325643983435158,103.77501010894775
1123	1.3149287217357837,103.90872359275818
1124	1.334541,103.86786183183621
1125	1.3127513405999978,103.74209403991699
1126	1.3004324762392727,103.79768013954163
1127	1.320581323002975,103.70872735977173
1128	1.4424716936813387,103.79063003127698
1129	1.3312582377713829,103.67757895360239
1130	1.31034,103.862081
1131	1.3050178681567621,103.90302658081055
1132	1.320645678920719,103.81762504577637
1133	1.3039345365504442,103.81801128387451
1134	1.4211999563115267,103.9107484298061
1135	1.333731347463221,103.6728286743164
1136	1.3234558857026792,103.8282036781311
1137	1.373727,103.837391
1138	1.294087996264556,103.77771377563477
1139	1.2941660983383616,103.77444008620441
1140	1.3027017632129687,103.9201994475537
1141	1.391387,103.876852
1142	1.282019,103.82585749961436
1143	1.386737032892919,103.76447499525787
1144	1.3505495470490698,103.86691331863403
1145	1.3587440869100178,103.94343137741089
1146	1.324608,103.89307165039214
1147	1.3619618305726426,103.75168561935425
1148	1.2525306044467484,103.81604780835066
1149	1.327023,103.933108
1150	1.2773123212269306,103.81875157356262
1151	1.2433862686156865,103.829058
1152	1.2997610123650933,103.86151287285347
1153	1.385086554690657,103.91478538513184
1154	1.3393209760589886,103.93393
1155	1.3052431152638504,103.77312183380127
1156	1.355590415688637,103.94023367765033
1157	1.315064,103.816013
1158	1.271254,103.81931495
1159	1.2879097553729943,103.8541030883789
1160	1.367358,103.839716
1161	1.2841877870463856,103.81549000740051
1162	1.380540059796735,103.84903408113257
1163	1.352024,103.837329
1164	1.375197437544881,103.89881014823914
1165	1.354754078816752,103.77668380737305
1166	1.325129137083734,103.94079208374023
1167	1.387907412441427,103.99956464767456
1168	1.3915148858833257,103.98174465067093
1169	1.282245,103.847663
1170	1.325542854445849,103.80609746077903
1171	1.2815715286629588,103.8126460428632
1172	1.3257117243799235,103.88506942514289
1173	1.3332594065244716,103.94813060760498
1174	1.2713032167772775,103.8194100366654
1175	1.3400381858550037,103.74237835407257
1176	1.3261096910864418,103.80001894005468
1177	1.3218603965555222,103.95355939865112
1178	1.3400381858550037,103.77925872802734
1179	1.3371369790887153,103.77595657303114
1180	1.3179882902840845,103.90341917091537
1181	1.374189217221201,103.89180421829224
1182	1.382591942884137,103.75018993934363
1183	1.3485463577792935,103.69747262418333
1184	1.310329,103.918504
1185	1.383297,103.928104
1186	1.2790714125209448,103.81123065948486
1187	1.3104774233010639,103.85989665985107
1188	1.3080858635535917,103.88577165403439
1189	1.340521,103.853896
1190	1.3468588658992926,103.75761275755723
1191	1.2570183276863283,103.81466388702393
1192	1.27353,103.817739
1193	1.3761007679369817,103.9376502791686
1194	1.257960372723452,103.82178742022974
1195	1.3243890452660565,103.94122660160065
1196	1.426879,103.826413
1197	1.39451,103.900234
1198	1.3081850806183835,103.79290504140047
1199	1.2847348201953352,103.81994247436523
1200	1.3453153238703404,103.77329349517822
1201	1.335500153561893,103.8881388715708
1202	1.373804,103.949306
1203	1.2916690800427888,103.77466642643641
1204	1.3646647319294194,103.88770580291748
1205	1.3681074639437247,103.94920229908473
1206	1.379362592624023,103.95757089490999
1207	1.4463509566303994,103.72767448425293
1208	1.3502869712765522,103.71351752608854
1209	1.331783,103.80717235
1210	1.3755008761041452,103.90155010274164
1211	1.3346966809196845,103.73529195785522
1212	1.318625,103.973935
1213	1.294273,103.796061
1214	1.340771,103.779813
1215	1.309303328874462,103.86276421229215
1216	1.3082289782815846,103.88826236128807
1217	1.3485132921817775,103.75499888294637
1218	1.3129331883174646,103.87931581475877
1219	1.348129,103.934404
1220	1.3911572938151988,103.98752689361572
1221	1.459188,103.841867
1222	1.3636350555799144,103.98967266082764
1223	1.324925343706708,103.83513450622559
1224	1.3467311394464763,103.84294509887695
1225	1.3209460065148517,103.82758140563965
1226	1.3977428482736578,103.9116096496582
1227	1.2973701806215663,103.8477087020874
1228	1.332015,103.938383
1229	1.2824833199999999,103.822355
1230	1.322082312148473,103.8226308353844
1231	1.3133949017243685,103.82891178131104
1232	1.398429289370782,103.88431549072266
1233	1.3501012740120135,103.84307252194044
1234	1.3257512430782417,103.80856990814209
1235	1.3199678079801935,103.85290668706499
1236	1.345199,103.731062
1237	1.3983756611672966,103.81834387779236
1238	1.298904,103.776199
1239	1.3831130248377244,103.84654998779297
1240	1.2936024278374303,103.87380310953145
1241	1.303565498953835,103.78194912661067
1242	1.3410256033769166,103.76946918491755
1243	1.3197243841933703,103.7448833288538
1244	1.3507640641522822,103.86706352233887
1245	1.3044279351616554,103.87049674987793
1246	1.282909513281446,103.78877949165707
1247	1.341331,103.912512
1248	1.269718181596901,103.81359100341797
1249	1.3382324798765355,103.64712784996459
1250	1.314784,103.953069
1251	1.2920178581943065,103.77650141716003
1252	1.3625249352721769,103.85532081127167
1253	1.3724730965427463,103.95169258117676
1254	1.3339887697553243,103.89302730560303
1255	1.314552,103.941597
1256	1.4639495850680377,103.8157025337427
1257	1.36766509091229,103.7666598723749
1258	1.3525790301004972,103.76874775464253
1259	1.3066106865521927,103.85220408439636
1260	1.338245182886103,103.93395089169314
1261	1.3032695208779725,103.87871503829956
1262	1.2941387941075932,103.77208051196982
1263	1.2540593743180064,103.8193647535742
1264	1.3996204118350544,103.74006343412098
1265	1.3267064384765606,103.7464277684356
1266	1.2769578799958405,103.83600164815958
1267	1.299796,103.767972
1268	1.3285562294285178,103.93477800491186
1269	1.3569829777043922,103.8902116363927
1270	1.440441,103.770962
1271	1.3693948019910605,103.83468389511108
1272	1.373757,103.695798
1273	1.3802644,103.880196
1274	1.372215678334717,103.69467258453369
1275	1.3082674443893787,103.77072250240559
1276	1.3802814356607596,103.76219987869263
1277	1.31125,103.765224
1278	1.308284,103.761462
1279	1.294739,103.77366845
1280	1.3547111754681682,103.74741554260254
1281	1.3304921146548923,103.85086297988892
1282	1.248201331934248,103.84262323379517
1283	1.330921152357535,103.80414962768555
1284	1.329993693887628,103.93072179867532
1285	1.2940021874661738,103.86537909507751
1286	1.3444863908479951,103.7755491569803
1287	1.412374,103.831636
1288	1.373172,103.948367
1289	1.299448358875433,103.79781693220139
1290	1.444107,103.825919
1291	1.3950461517644472,103.90230935809541
1292	1.293697207537072,103.9325119531555
1293	1.3428269187459632,103.87998104095459
1294	1.3912645505499577,103.89862775802612
1295	1.368226483437616,103.97659901520474
1296	1.2839829517034953,103.7814341752683
1297	1.3117216424564797,103.76960277557373
1298	1.3080837560588932,103.81641006462439
1299	1.309898217621285,103.83262932300568
1300	1.30811,103.779181
1301	1.3521074770803427,103.93653273582458
1302	1.375103,103.940859
1303	1.3300416249867966,103.76247882843018
1304	1.4406446066574168,103.76996428636643
1305	1.363077314039988,103.85574460029602
1306	1.294429,103.769803
1307	1.3743608292212572,103.81110191345215
1308	1.319853,103.891665
1309	1.3744670374364083,103.68720309213363
1310	1.2864981061189773,103.84339522072513
1311	1.3964033073705016,103.92019944755371
1312	1.4280425948557258,103.83334279060364
1313	1.3858159022639571,103.97156238555908
1314	1.3772675055975854,103.76450657844543
1315	1.339692,103.876382
1316	1.3848605491255546,103.76615063771864
1317	1.318142,103.90753
1318	1.333371,103.852048
1319	1.3333237621123537,103.86345863342285
1320	1.3113,103.77471
1321	1.364189,103.848232
1322	1.33376,103.795831
1323	1.385602,103.942427
1324	1.3505280953377055,103.72528195381165
1325	1.3343534512896846,103.87850046157837
1326	1.2940502367040871,103.83886052393909
1327	1.3373138052723035,103.86006832122803
1328	1.3434427906855444,103.70924171309196
1329	1.3184109867623726,103.89195104340888
1330	1.3831223,103.693879
1331	1.3363913765153836,103.7838077545166
1332	1.3322887095364913,103.92521917819977
1333	1.4098596476974599,103.829689690285
1334	1.2919386314543468,103.863172
1335	1.4333838895400959,103.77548217773438
1336	1.458282,103.837627
1337	1.339387,103.833177
1338	1.3402737783255314,103.7730763943673
1339	1.327403040994581,103.90143871307373
1340	1.2739121230576531,103.82563948631287
1341	1.2925730176254384,103.796244056108
1342	1.2931674935616462,103.84932282425947
1343	1.3822656935818953,103.84446859359741
1344	1.302561600775592,103.76366972923279
1345	1.2784707473365267,103.83923292160034
1346	1.289068176683197,103.86423110961914
1347	1.348766,103.948551
1348	1.2571470427328022,103.81002902984619
1349	1.3137810383194464,103.8274097442627
1350	1.371157,103.838474
1351	1.341673,103.690546
1352	1.301613,103.879769
1353	1.3731148906583177,103.89900141454133
1354	1.3518790384007024,103.726385382495
1355	1.3261561215478928,103.89191064739548
1356	1.3191736917129766,103.77161086544396
1357	1.381526674647426,103.75192679672647
1358	1.368611820515866,103.89143943786621
1359	1.3264162527615762,103.93931150436401
1360	1.296127,103.81211682
1361	1.4191916079207976,103.8369980019884
1362	1.3360910507988213,103.80844116210938
1363	1.3152887817380061,103.76694278135122
1364	1.320388255239744,103.88592481613159
1365	1.351122,103.891218
1366	1.309748,103.854146
1367	1.2970913023775286,103.77779960632324
1368	1.3922513122809397,103.7435531616211
1369	1.3543212924930597,103.94836943345793
1370	1.2941818977955948,103.76946918491755
1371	1.315465022216748,103.76686692237854
1372	1.349906,103.726699
1373	1.311851,103.797024
1374	1.2949921152645538,103.77363092298977
1375	1.2995234803291584,103.9009157581312
1376	1.455682,103.819415
1377	1.284992058572619,103.77781825373995
1378	1.3915190348714688,103.9059570116343
1379	1.4218496861621728,103.8276518114917
1380	1.3088417032124773,103.82291972637177
1381	1.3547111754681682,103.87268543243408
1382	1.2978206761816138,103.8049864768982
1383	1.3365306082960517,103.96340711528856
1384	1.2576940816095237,103.8109141588211
1385	1.2565892774855811,103.81904125213623
1386	1.391928705598522,103.983734
1387	1.325568901682253,103.9370048046112
1388	1.3555128353533874,103.94244886715859
1389	1.45360322,103.832934
1390	1.353896011700933,103.87689113616943
1391	1.305732,103.813601
1392	1.3146912357227651,103.89066470392854
1393	1.3273708631236258,103.92725229263306
1394	1.250021,103.82123
1395	1.3289040791142495,103.7465352575673
1396	1.297332,103.844447
1397	1.351124,103.76476
1398	1.3969115295845789,103.75041623870499
1399	1.324762,103.841863
1400	1.402865,103.755488
1401	1.35519,103.877019
1402	1.315629,103.925626
1403	1.3393892687074391,103.74526977539062
1404	1.4188937219333446,103.86423110961914
1405	1.4403232638174226,103.78962814807892
1406	1.431055,103.784542
1407	1.378767,103.836869
1408	1.3089328745241915,103.85412454605103
1409	1.295822,103.771457
1410	1.3193156562820987,103.93568515777588
1411	1.3493224579695555,103.95500700234766
1412	1.309952,103.881753
1413	1.2848013017206403,103.80244126002606
1414	1.312274,103.846812
1415	1.3329161766939823,103.89442205429077
1416	1.336878,103.88794096771116
1417	1.311651,103.910678
1418	1.3189496552035629,103.89520678895484
1419	1.2887272212709102,103.8413684586206
1420	1.3491943012816658,103.94764988693582
1421	1.354139,103.867933
1422	1.349380428503826,103.92841100692749
1423	1.3580147310835726,103.94937515258789
1424	1.3554619839585158,103.7534236907959
1425	1.2729837791956518,103.84415384895874
1426	1.3067924075570727,103.83602443187715
1427	1.307516848989802,103.88082214994999
1428	1.3124081079325938,103.76689910888672
1429	1.3543361034365407,103.68549535039487
1430	1.29869,103.85877998716099
1431	1.309187,103.880843
1432	1.360188,103.887657
1433	1.3701992347471503,103.82625102996826
1434	1.3814222784465051,103.84097216789081
1435	1.3050026102827852,103.785163372902
1436	1.384003120397468,103.73688420886181
1437	1.299219,103.861045
1438	1.310927916514956,103.7635087966919
1439	1.3834884246644972,103.89046311378479
1440	1.276529310690359,103.8366687297821
1441	1.306464,103.856565
1442	1.321951,103.866226
1443	1.2916531704837795,103.81186366081238
1444	1.311193,103.872706
1445	1.275065,103.795355
1446	1.2973160513539785,103.88120723078734
1447	1.3473317882303515,103.76467823982239
1448	1.4253631693192548,103.77376672626626
1449	1.33936,103.741517
1450	1.3386223664024333,103.81998538970947
1451	1.4148055741021988,103.83465997871387
1452	1.379348297579332,103.93587827682495
1453	1.3908677006069832,103.74824166297913
1454	1.3311142192993817,103.74805927276611
1455	1.349992,103.745762
1456	1.3737765881207231,103.89807257108752
1457	1.2796720775647443,103.8555783033371
1458	1.304577,103.782631
1459	1.3574998915441459,103.75076293945312
1460	1.318978,103.912381
1461	1.282643222229289,103.81814002990723
1462	1.289878,103.85132
1463	1.3014031856336807,103.91497850418091
1464	1.347417595187383,103.86742830276489
1465	1.3175,103.836283
1466	1.2987330114153741,103.80086221941202
1467	1.377208514045834,103.76465141773224
1468	1.37320205,103.763049
1469	1.3996439678514179,103.90637665987015
1470	1.327737,103.93391690084538
1471	1.3128855257037213,103.82594843435857
1472	1.3378121888278878,103.90784839795666
1473	1.3881541032635456,103.74653577804565
1474	1.312684,103.901135
1475	1.394941,103.896357
1476	1.3448862886850048,103.94010543823242
1477	1.3450295498375855,103.94017702365473
1478	1.3931522682832966,103.75110626220703
1479	1.4058556934307707,103.908598888594
1480	1.2888226692302693,103.80289969463105
1481	1.372961,103.933574
1482	1.326520848402281,103.88526197141516
1483	1.37086,103.881674
1484	1.3823408,103.884514
1485	1.3090357262446972,103.92843881903629
1486	1.3338687723485745,103.90071752604331
1487	1.3462699268869627,103.68602514266968
1488	1.3226407115438978,103.87221336364746
1489	1.348356,103.757455
1490	1.276355,103.835331
1491	1.3536782414531738,103.70188944530759
1492	1.345701455472609,103.79245519638062
1493	1.430494225927066,103.82936702410078
1494	1.3857709892186272,103.90262622978595
1495	1.3387725291104204,103.87101173400879
1496	1.30605,103.93456063
1497	1.358042,103.839097
1498	1.388342,103.990502
1499	1.2737661789524246,103.82827449342709
1500	1.308364,103.938634
1501	1.343677,103.719663
1502	1.4291100164736712,103.830033
1503	1.3384936555025502,103.72767448425293
1504	1.311344,103.815062
1505	1.2926105826432754,103.81056880053097
1506	1.44340936,103.825976
1507	1.3111441680021128,103.85512046310656
1508	1.3515344150459943,103.75579661849986
1509	1.353421,103.85125
1510	1.296135,103.843785
1511	1.3953787896252134,103.74753660783207
1512	1.4209315748456086,103.6951231956482
1513	1.4367838638061734,103.8343620300293
1514	1.36375,103.869566
1515	1.2976276066657062,103.84812712669373
1516	1.314291,103.879958
1517	1.3230370781215828,103.84546730487574
1518	1.3298869091561676,103.84388210104463
1519	1.2814204410878607,103.84948968887329
1520	1.381131,103.840748
1521	1.327749,103.92705984
1522	1.3088167525312362,103.91658266411223
1523	1.3414540044891665,103.71007919311523
1524	1.332595,103.884676
1525	1.3141861975697544,103.93106169963171
1526	1.33431646265118,103.72226187721971
1527	1.348146954200146,103.89925003051758
1528	1.4019946480092493,103.90911715433923
1529	1.275157,103.794868
1530	1.3421404617139039,103.83604645729065
1531	1.3190582032390374,103.83508455621703
1532	1.4547167670845957,103.77818584442139
1533	1.306392,103.852319
1534	1.24938122359468,103.82419109344482
1535	1.3700188444774695,103.87412309646305
1536	1.3543309166666664,103.87057
1537	1.2789406158061483,103.85137235192761
1538	1.316958094331865,103.84153829785893
1539	1.3133881986735938,103.85612828101581
1540	1.3952146114181923,103.88676270901605
1541	1.273740504103543,103.84847044944763
1542	1.31087636510551,103.85761737395246
1543	1.326092602949897,103.84849056632275
1544	1.3685260143112516,103.95920276641846
1545	1.3748939313807937,103.85118551525227
1546	1.3050897522586717,103.85640571534645
1547	1.3353391800951864,103.85713044443068
1548	1.3319287982036543,103.74273358911448
1549	1.3081284216593625,103.76112699508667
1550	1.3207851167367957,103.82279634475708
1551	1.3391586617458477,103.7527585029602
1552	1.3379788118355014,103.70823383331299
1553	1.3512965257721177,103.88533559212043
1554	1.391564869381357,103.99048805236816
1555	1.30794,103.830763
1556	1.346918,103.756756
1557	1.2749301713898458,103.79905681567872
1558	1.3326704783719459,103.8431574425989
1559	1.363103808783384,103.85020604233813
1560	1.3387939809250893,103.93203735351562
1561	1.311667225253961,103.94663006365707
1562	1.283529,103.819549
1563	1.2520619658777277,103.82155534047139
1564	1.301761,103.784261
1565	1.3143639801385691,103.88791234180214
1566	1.3740712339640266,103.93123269081116
1567	1.3475802544888333,103.93070480364956
1568	1.4435095201233281,103.76945503918867
1569	1.37178664792646,103.8823413848877
1570	1.4478479962708586,103.81648930831358
1571	1.3128072024901138,103.8375471319423
1572	1.328282569305097,103.89976501464844
1573	1.306716,103.836451
1574	1.3097480531639545,103.88736248016357
1575	1.4288362820007925,103.79639267921448
1576	1.3847111551168911,103.75429272651672
1577	1.327114,103.854142
1578	1.339180113557158,103.73342514038086
1579	1.35074797537019,103.7240320444107
1580	1.377672,103.76661801073789
1581	1.3788656398074088,103.8452410697937
1582	1.3491146128511766,103.8694117919503
1583	1.3192049145938618,103.8170892977521
1584	1.3690629734005133,103.87553192675114
1585	1.341183077945986,103.70503955959983
1586	1.278771079946305,103.83880376815796
1587	1.3809249789518618,103.90186786651611
1588	1.440607,103.770961
1589	1.3053396497321321,103.82163763046265
1590	1.3959490449671712,103.90044566536105
1591	1.3360052434444876,103.7808895111084
1592	1.3500788666666665,103.727288
1593	1.3259845327858892,103.93363058567047
1594	1.3715770038694064,103.8286650862833
1595	1.326051893831251,103.95092470383226
1596	1.326964,103.933087
1597	1.3168473568240224,103.76568101191307
1598	1.4341748934679008,103.78991782665253
1599	1.412307,103.83139339
1600	1.2802781055467471,103.85644197463989
1601	1.3736529296415712,103.95617187023163
1602	1.2853140316371339,103.82933020591736
1603	1.346964,103.843402
1604	1.3245747853968908,103.85304256997821
1605	1.3078602706471059,103.86255741119385
1606	1.4404412437231957,103.76894563436508
1607	1.295963,103.812209
1608	1.458654,103.82167
1609	1.3950189354080624,103.9020068049308
1610	1.3026903135362902,103.79909634590149
1611	1.3493482509212456,103.94383907318115
1612	1.3311893008838065,103.86606574058533
1613	1.359445303045795,103.7519098240699
1614	1.3041105292047286,103.88499580458111
1615	1.399478,103.817755
1616	1.3178309323906219,103.90610954110754
1617	1.3018965847406896,103.79010558128357
1618	1.3046496068608828,103.77299666415638
1619	1.4399485816462756,103.78773822059549
1620	1.3406008486264345,103.95283410530227
1621	1.3063632155447704,103.76933055683867
1622	1.3554593025000372,103.87939631938934
1623	1.3685260143112516,103.8356602191925
1624	1.46079482,103.811509
